# model #, time_scale (hrs)
53222,0
53223,0
53224,0
53225,0
53226,0
53227,0
53228,0
53229,0
53230,0
53231,0
53232,0
53233,0
53234,0
53235,0
53236,0
53237,0
53238,0
53239,0
53240,0
53241,inf
53242,0
53243,inf
53244,inf
53245,inf
53246,inf
53247,inf
53248,inf
53249,inf
53250,inf
53251,3.49129464102
53252,3.49064331107
53253,3.23240771968
53254,3.23170137707
53255,3.2774221066
53256,5.92399363689
53257,6.04426039331
53258,3.56002650655
53259,8.08483224648
53260,8.08319803387
53261,8.31498120134
53262,3.40649945627
53263,3.48468518433
53264,3.48393489461
53265,3.59743743509
53266,3.61042649732
53267,3.64119618237
53268,3.64038655493
53269,3.65731307231
53270,3.7053151791
53271,7.33801761077
53272,7.38873825718
53273,7.39165102314
53274,7.44435985898
53275,7.44200149411
53276,5.02700792478
53277,5.09536509211
53278,5.11928513948
53279,5.11748683648
53280,5.12517563182
53281,5.13290649678
53282,5.20010089913
53283,5.22421900698
53284,5.28662450586
53285,4.39644782852
53286,4.39479889026
53287,4.45769640524
53288,4.45614356405
53289,4.5354442057
53290,4.53381934539
53291,2.7694917858
53292,13.5349203265
53293,13.5753457012
53294,5.08287805111
53295,5.07502342115
53296,5.07771108596
53297,5.13752281553
53298,5.16854469089
53299,5.16653076626
53300,3.53236007914
53301,3.52927789981
53302,3.53952803946
53303,3.46466356407
53304,3.4910677869
53305,3.5469991718
53306,6.12099612929
53307,9.03677031648
53308,4.60913216147
53309,4.66883910426
53310,9.27337183207
53311,10.788131201
53312,10.940117532
53313,1.89663234103
53314,1.97237448733
53315,4.20089759534
53316,2.78677380139
53317,1.23441730903
53318,2.78032635301
53319,5.3619434734
53320,2.7428202766
53321,4.86092616821
53322,2.68886938935
53323,2.73685065552
53324,5.11395749265
53325,5.17706786811
53326,5.08774897257
53327,6.72690398541
53328,6.67526623229
53329,6.76770450598
53330,6.71381375065
53331,13.173607758
53332,1.47492105273
53333,1.47149412586
53334,0.654277594397
53335,0.378929900641
53336,0.666012870474
53337,0.999171948851
53338,0.990402993557
53339,2.2481709726
53340,2.14975492252
53341,2.15464726081
53342,3.82185647471
53343,0.967784290561
53344,1.32474151765
53345,1.32390309717
53346,1.32308178273
53347,1.32738020253
53348,1.32115438093
53349,1.32538124475
53350,6.72999230306
53351,15.1783704044
53352,0.503601690089
53353,1.70780799247
53354,1.3559146692
53355,0.32414282053
53356,0.575881985655
53357,0.57711164765
53358,1.29797888165
53359,0.604700088962
53360,1.2476888562
53361,2.21503528448
53362,2.20535536051
53363,1.24135535622
53364,1.25456631049
53365,1.25365377345
53366,2.22700927034
53367,2.2237011213
53368,5.00391881563
53369,4.99999726131
53370,4.99593258637
53371,0.120403689372
53372,0.453470782835
53373,0.114717826444
53374,0.115690829283
53375,0.258125345587
53376,0.376150419824
53377,0.375779833754
53378,0.992278289222
53379,1.00339762388
53380,0.991905859202
53381,0.997759150491
53382,0.996836312696
53383,1.80025447619
53384,1.86145110084
53385,1.02258570287
53386,1.02706867154
53387,3.17697180582
53388,5.83210666461
53389,0.766064306255
53390,0.565048567608
53391,0.707443130811
53392,0.449765846953
53393,0.455711955803
53394,0.451364780109
53395,0.746982294144
53396,0.746108010244
53397,0.74774583571
53398,0.751654824104
53399,0.763110683399
53400,0.584652454408
53401,0.597349259471
53402,0.755590363967
53403,0.778094542766
53404,0.834207713037
53405,0.771637146686
53406,0.756695352977
53407,0.788230219888
53408,0.755169367667
53409,0.75418794237
53410,0.753333557438
53411,0.148111479075
53412,0.148172416459
53413,0.149771730335
53414,0.149596419608
53415,0.152532406937
53416,0.149783344749
53417,0.149604106262
53418,0.149978759945
53419,0.150453918945
53420,0.265975842034
53421,0.265639208081
53422,0.268842565296
53423,0.269698237422
53424,0.272147804821
53425,0.520836796314
53426,1.04764531612
53427,0.644812764476
53428,0.941143925831
53429,0.256033128618
53430,2.27487747144
53431,0.792006021297
53432,1.33603176249
53433,2.07194578726
53434,2.36999267904
53435,6.61958941255
53436,6.60925614072
53437,1.01514119674
53438,2.5954676481
53439,0.143238580104
53440,0.622700013681
53441,0.585359318182
53442,0.500250774965
53443,2.55649984157
53444,0.630482079301
53445,0.62935880746
53446,1.90154871178
53447,1.94983124207
53448,1.47725620888
53449,1.51532999412
53450,1.51014165537
53451,0.344323373553
53452,0.345669189354
53453,0.346066453414
53454,0.348788502701
53455,0.348175471979
53456,0.352249021219
53457,0.351609193689
53458,0.354719237767
53459,0.384256882985
53460,0.358187144937
53461,0.642370604904
53462,0.437986167208
53463,0.386820590496
53464,0.350843150037
53465,0.245107212321
53466,0.246218581625
53467,0.415197806167
53468,0.312815560658
53469,0.486863250095
53470,0.490073332603
53471,0.163530397603
53472,0.379541883069
53473,0.321186357418
53474,1.01829195915
53475,1.10437478432
53476,0.202679069455
53477,0.130947881054
53478,0.243846337591
53479,0.243256286202
53480,0.242668007865
53481,0.242080785565
53482,0.243437530809
53483,0.242845403397
53484,0.242253049552
53485,0.24165954526
53486,0.241065208522
53487,0.410256945993
53488,0.409234739983
53489,0.400234268486
53490,0.457508093639
53491,0.0195450181532
53492,0.180917260208
53493,0.180466400234
53494,0.180012245072
53495,0.185999121809
53496,0.178966376544
53497,0.178511890131
53498,0.178052971433
53499,0.177590784996
53500,0.179021307138
53501,0.0978219530175
53502,0.0975635171705
53503,0.178891937862
53504,0.256937729762
53505,0.256121009263
53506,0.255298766524
53507,0.254482325226
53508,0.253671427015
53509,0.252864230909
53510,0.261348830162
53511,0.166769803326
53512,0.160642274135
53513,0.16012420126
53514,0.15960582796
53515,0.159704789923
53516,0.154130436457
53517,0.153631241001
53518,0.153130372113
53519,0.152627242166
53520,0.152121709486
53521,0.151613431951
53522,0.151101575853
53523,0.153716852582
53524,0.15318638209
53525,0.152652072756
53526,0.15211360422
53527,0.151570828928
53528,0.268290555828
53529,0.147806001406
53530,0.649753312233
53531,0.944858127877
53532,0.125213574922
53533,0.226778155381
53534,1.75582063595
53535,0.0641320221193
53536,0.0576015991381
53537,0.117104501487
53538,0.0570249430583
53539,0.0949511770578
53540,0.181973707338
53541,0.0750476238454
53542,0.0746557151924
53543,0.0742632959639
53544,0.073869432975
53545,0.0734731868711
53546,0.0730740314972
53547,0.0731111823531
53548,0.0728572776998
53549,0.0716469015343
53550,0.0711614474016
53551,0.0566654866994
53552,0.0562848556214
53553,0.0559052836248
53554,0.0556912102054
53555,0.0556634316612
53556,0.0552099158391
53557,0.0547572926068
53558,0.0543034413035
53559,0.0542206024923
53560,0.0541486438873
53561,0.0526392761655
53562,0.0520989165621
53563,0.0769840621102
53564,0.0766815888858
53565,0.0757593891291
53566,0.0331198851397
53567,0.0326044700528
53568,0.0325019715804
53569,0.0724318877695
53570,0.0701760275381
53571,0.0388816305906
53572,0.0379675750037
53573,0.0369948515406
53574,0.0371308271105
53575,0.0291597342228
53576,0.0260151172114
53577,0.0737457723622
53578,0.0740953357369
53579,0.0749606105407
53580,0.0699349310294
53581,0.0921316929637
53582,0.0911352389476
53583,0.0888415376935
53584,0.0880786560124
53585,0.0462127428428
53586,0.043042179424
53587,0.0428923954078
53588,0.0423693378846
53589,0.0625240215479
53590,0.0613688880706
53591,0.0108981120447
53592,0.010720097077
53593,0.0105523580603
53594,0.00856538013947
53595,0.0106021590451
53596,0.0105682625009
53597,0.0106815992835
53598,0.0160707077322
53599,0.0158504533798
53600,0.030629991392
53601,0.0302300649203
53602,0.0298449294408
53603,0.0633910576779
53604,0.0641221952976
53605,0.0632293505146
53606,0.0623804581567
53607,0.0615362106845
53608,0.0607452301005
53609,0.10664967459
53610,0.00720601801003
53611,0.00189750471968
53612,0.00187543505926
53613,0.00185018550892
53614,0.00182608139904
53615,0.00180326700391
53616,0.00384008134479
53617,0.00384215359771
53618,0.00374995661941
53619,0.00370791167131
53620,0.0663056624767
53621,0.119126221182
53622,0.114805668741
53623,0.0285851341556
53624,0.113445056129
53625,0.0289318177282
53626,0.0158894611257
53627,0.00658389574148
53628,0.0239137453257
53629,0.0243456020456
53630,0.00341498967061
