# Model #, volume (Rsun^3),[Density: Neutron-1,Zr-94,Zr-96,Mg-25,Xe-128,Xe-130],[Massf: Neutron-1,Zr-94,Zr-96,Mg-25,Xe-128,Xe-130]
53621,0.000225658948781,326803030.228,0.000286900208146,2.92949610457e-05,3.52742573945,4.06383918418e-05,9.26735579955e-05,3.06711912785e-19,6.29775414391e-08,6.43876230788e-09,0.000800431425422,8.82015684241e-09,2.03235265028e-08
53622,0.000229898428586,315759210.872,0.000287354839559,2.93462497304e-05,3.52980808133,4.07080842335e-05,9.28012578675e-05,2.96928944466e-19,6.30025458783e-08,6.44321651021e-09,0.000801257007969,8.82075275355e-09,2.03248929365e-08
53623,0.000234025014156,308565725.4,0.000281672498858,2.87705376236e-05,3.45904712136,3.99010838424e-05,9.09483665362e-05,2.9680994557e-19,6.30213493202e-08,6.44709565012e-09,0.000802447964722,8.81880039845e-09,2.03240559674e-08
53624,0.000238075891199,296819271.182,0.000286138345226,2.92303613468e-05,3.50647935361,4.05539477485e-05,9.2373525138e-05,2.92793836764e-19,6.30449143807e-08,6.45120325604e-09,0.000802643604139,8.82127500397e-09,2.03251983205e-08
53625,0.000242076054208,295224939.337,0.000278768603255,2.8481516946e-05,3.41746192041,3.95007862623e-05,8.99790244918e-05,2.95830596616e-19,6.30636942017e-08,6.45502669432e-09,0.000804086474715,8.81848865412e-09,2.03244084003e-08
53626,0.0002460519218,294325413.697,0.000279540707048,2.8564492548e-05,3.42414579695,3.96143053815e-05,9.02110339379e-05,2.95154488611e-19,6.30911868981e-08,6.45956964226e-09,0.00080491964883,8.81948446422e-09,2.03266543243e-08
53627,0.00024997937772,291381022.014,0.000275793234089,2.81856379e-05,3.37665250787,3.90835667579e-05,8.89854062108e-05,2.95836862007e-19,6.31775693382e-08,6.46995347967e-09,0.000806927081835,8.82780099038e-09,2.03484639604e-08
53628,0.000253931188707,283810485.622,0.000274562084299,2.80633916573e-05,3.36094304944,3.89075384983e-05,8.85731841894e-05,2.86613733002e-19,6.31985704064e-08,6.47363836505e-09,0.000807764403876,8.82818063601e-09,2.03489986301e-08
53629,0.000257845189173,277815557.857,0.000275333000693,2.81451635539e-05,3.36741861113,3.90232525818e-05,8.88082982366e-05,2.83270808357e-19,6.32219369523e-08,6.47745345693e-09,0.000808340950235,8.82989514302e-09,2.03505130058e-08
53630,0.000262499077628,276192590.236,0.000272762104739,2.78863490766e-05,3.33477366993,3.8659128855e-05,8.79631059145e-05,2.83656488185e-19,6.32442820107e-08,6.48181807137e-09,0.000809130792223,8.83040898545e-09,2.03500714756e-08
53631,0.000267043854558,272579853.663,0.000274626269273,2.80805955525e-05,3.35374251311,3.89319909155e-05,8.85486600289e-05,2.80692678788e-19,6.32750025259e-08,6.48686451619e-09,0.000809644921581,8.83344451978e-09,2.03526390906e-08
53632,0.000271509917381,254816443.49,0.000271845187089,2.77975244023e-05,3.31452057038,3.85536292067e-05,8.76438430673e-05,2.75830917714e-19,6.3292222914e-08,6.49030818786e-09,0.000809995123674,8.83472486849e-09,2.03514633101e-08
53633,0.000275922694305,253697711.449,0.00026823206893,2.74320263276e-05,3.27047735275,3.80373157442e-05,8.64628283946e-05,2.75536843315e-19,6.33144485906e-08,6.49460913809e-09,0.000811202100555,8.83377807258e-09,2.0350723995e-08
53634,0.000280267252705,256205567.275,0.000266151195676,2.72237144315e-05,3.2441974352,3.77403500436e-05,8.57738367726e-05,2.76640146721e-19,6.33979419357e-08,6.50494354052e-09,0.000813199185683,8.84186350267e-09,2.03701973937e-08
53635,0.000284608326143,252070273.986,0.000267097409781,2.73239838629e-05,3.25261432168,3.78807367043e-05,8.60631088887e-05,2.7130511493e-19,6.34227027421e-08,6.5092792956e-09,0.000814149723848,8.84260396383e-09,2.03704963688e-08
53636,0.000288910879379,252298041.264,0.000263228029353,2.69314908608e-05,3.2050226198,3.73306382383e-05,8.48012899278e-05,2.7265380117e-19,6.344359491e-08,6.51328159558e-09,0.000815426923364,8.84157992802e-09,2.03692209883e-08
53637,0.000296886988442,251534774.209,0.000263150892876,2.69263514544e-05,3.20197917403,3.73244625493e-05,8.47636852381e-05,2.70678383137e-19,6.34403234517e-08,6.51494215759e-09,0.000815480889781,8.84020134853e-09,2.03601273814e-08
53638,0.000301942639622,241087057.226,0.000265274784282,2.71458750052e-05,3.2245530205,3.76337832816e-05,8.54377572831e-05,2.62649301667e-19,6.34641259343e-08,6.51891341823e-09,0.000815547842346,8.84397809529e-09,2.03612370701e-08
53639,0.000306885614827,233701057.455,0.000260284389652,2.66381307027e-05,3.16293264725,3.69262874361e-05,8.38179247156e-05,2.60635597397e-19,6.35007117974e-08,6.52466495338e-09,0.000816981300896,8.84541058609e-09,2.03646847637e-08
53640,0.000311780761615,233533183.791,0.000259345667945,2.65451390126e-05,3.15109773025,3.67919416696e-05,8.35018544788e-05,2.57398492289e-19,6.35240504775e-08,6.52873815537e-09,0.000817814640445,8.84659897972e-09,2.03645749939e-08
53641,0.000316605817483,227607909.564,0.00025609985655,2.62146954066e-05,3.11040453809,3.63340891249e-05,8.24474440808e-05,2.54347491547e-19,6.35426062479e-08,6.53215998932e-09,0.000818524881281,8.84737694938e-09,2.03633436272e-08
53642,0.000321371471338,228693665.76,0.000253639922846,2.59658240596e-05,3.07988471802,3.59849421166e-05,8.16420404276e-05,2.55914126439e-19,6.35662029654e-08,6.53649557628e-09,0.000820017535885,8.84635080077e-09,2.03621367025e-08
53643,0.000326104901899,227258120.986,0.000255907097486,2.61989690545e-05,3.10428578275,3.63155524629e-05,8.23650814478e-05,2.52035813997e-19,6.3589872283e-08,6.53985709144e-09,0.000820038424107,8.85063503103e-09,2.03641892963e-08
53644,0.000331729414648,231222959.702,0.000250729674987,2.56733175016e-05,3.04350126726,3.55719505518e-05,8.06800162381e-05,2.54069916314e-19,6.3617809298e-08,6.54521150663e-09,0.000821778911577,8.84955037762e-09,2.03625088489e-08
53645,0.000337224578204,231165637.34,0.000247140364724,2.53082596568e-05,2.99991841993,3.50616182947e-05,7.95134186833e-05,2.52988577406e-19,6.36446013043e-08,6.54981530157e-09,0.000822917204496,8.85055970681e-09,2.03624366083e-08
53646,0.000342621815247,217807274.721,0.000245961113259,2.51887891064e-05,2.98355849159,3.48997335352e-05,7.91281032038e-05,2.45223965482e-19,6.3666380305e-08,6.55338015445e-09,0.000823299400235,8.85320167324e-09,2.03627420228e-08
53647,0.000347927044856,222799062.527,0.000241195209681,2.47033902505e-05,2.92700127998,3.42182492478e-05,7.75812401813e-05,2.46896721497e-19,6.36944375671e-08,6.55809504489e-09,0.000824851048283,8.85312139024e-09,2.03624521964e-08
53648,0.000353178367366,224895106.464,0.000233625067263,2.39296838204e-05,2.83810330899,3.31349786435e-05,7.51350467556e-05,2.46181562157e-19,6.37120360001e-08,6.56118514136e-09,0.000825982167274,8.85286704996e-09,2.03604555334e-08
53649,0.00035835698544,231165025.71,0.000222183398955,2.27616935908e-05,2.70465853156,3.14935821135e-05,7.14359627902e-05,2.51513898061e-19,6.37371847998e-08,6.56621632665e-09,0.000828834756546,8.8479162092e-09,2.03564431546e-08
53650,0.000363506272453,239954853.706,0.000211214007088,2.16428826364e-05,2.57805830521,2.99153560568e-05,6.78854859495e-05,2.57916015343e-19,6.37613968539e-08,6.57139403269e-09,0.000832068038127,8.84148919761e-09,2.03508451895e-08
53651,0.000369626572492,243368634.688,0.0001993293199,2.0430010039e-05,2.44051750605,2.82069078734e-05,6.40404387275e-05,2.60952564236e-19,6.37910733221e-08,6.57728154906e-09,0.000835026469012,8.83714070567e-09,2.03465112671e-08
53652,0.000375606218129,232284720.692,0.000190247468105,1.95030190833e-05,2.33400891378,2.69051458285e-05,6.11034658745e-05,2.57102953692e-19,6.38146263499e-08,6.58221583547e-09,0.000837367415617,8.83354711349e-09,2.03415046215e-08
53653,0.000381458757182,238485770.083,0.000178882226311,1.83421144121e-05,2.20251446258,2.52722306284e-05,5.7429508238e-05,2.62006143781e-19,6.38409003738e-08,6.58743997521e-09,0.000840451097238,8.82839154307e-09,2.03362592967e-08
53654,0.00038722863727,229730934.378,0.000170701198028,1.75061543453e-05,2.10626158745,2.41013230717e-05,5.47864400305e-05,2.58763491024e-19,6.3863210714e-08,6.5918472852e-09,0.000842696433824,8.82513360441e-09,2.03315184411e-08
53655,0.00039291709928,238125400.17,0.00016015524601,1.6430323697e-05,1.98554304681,2.25814634488e-05,5.13706615134e-05,2.6539897944e-19,6.38925849018e-08,6.59795114478e-09,0.000846687177028,8.81745788454e-09,2.03240081138e-08
53656,0.000398552309847,242983007.122,0.000152419877435,1.56408154413e-05,1.89651331427,2.14687474897e-05,4.88657178642e-05,2.68301281214e-19,6.39179418783e-08,6.60278353437e-09,0.000849537638568,8.81305562003e-09,2.03184610755e-08
53657,0.00040413427706,266820427.619,0.000141744739499,1.45494635385e-05,1.77260546249,1.99375382471e-05,4.54142149501e-05,2.82217616245e-19,6.39471532133e-08,6.60843487913e-09,0.000853443102843,8.80606535521e-09,2.03109516908e-08
53658,0.000410792348022,261693095.464,0.000134681448517,1.38295131278e-05,1.69175183093,1.89202546568e-05,4.31229454738e-05,2.80515094627e-19,6.39779272075e-08,6.61433377088e-09,0.000856512437215,8.80212104411e-09,2.03048606698e-08
53659,0.000417275718694,248332483.191,0.000130308736073,1.33839720844e-05,1.64099699052,1.82924145376e-05,4.17033876135e-05,2.7439136905e-19,6.40055698165e-08,6.6192676979e-09,0.000858745982845,8.80030277165e-09,2.03003057475e-08
53660,0.00042363158308,237213246.55,0.000124155175745,1.27561335368e-05,1.56916994248,1.74099363419e-05,3.97102036847e-05,2.70646843363e-19,6.40337810766e-08,6.62476226825e-09,0.000861872117471,8.79550510958e-09,2.02931271061e-08
53661,0.000429881191602,242311983.18,0.00011672402498,1.19976759257e-05,1.4836141787,1.63416879298e-05,3.73019433626e-05,2.75226957691e-19,6.4066273731e-08,6.63091535258e-09,0.000865805612044,8.78916869525e-09,2.02849496785e-08
53662,0.000436046696218,251867787.692,0.000114230927917,1.17434931538e-05,1.45595875778,1.5980850089e-05,3.64867866304e-05,2.7774024596e-19,6.40929616182e-08,6.63478626835e-09,0.00086771000958,8.78877245483e-09,2.02816117452e-08
53663,0.000442144708568,235411318.24,0.000109753176466,1.12864629803e-05,1.40259365728,1.53422104012e-05,3.50371448187e-05,2.70714187396e-19,6.41199179802e-08,6.63956526813e-09,0.000870227612484,8.78588775563e-09,2.02755457774e-08
53664,0.000448201331677,239702394.029,0.000107411240319,1.10457614314e-05,1.37456775608,1.5010387834e-05,3.42792320222e-05,2.71118542833e-19,6.41442037411e-08,6.64263777661e-09,0.000871699462649,8.78660499046e-09,2.02731464946e-08
53665,0.000455401904518,246164202.987,0.000103049998232,1.06015886967e-05,1.3263801427,1.43779573197e-05,3.28569667506e-05,2.73575090144e-19,6.4179351073e-08,6.64844507927e-09,0.000875062163203,8.78317462703e-09,2.02667716145e-08
53666,0.000462409020613,246937947.492,9.68934433414e-05,9.97634955861e-06,1.25697796986,1.3486884453e-05,3.08494613817e-05,2.75320123293e-19,6.42179014964e-08,6.65595383061e-09,0.000879504309455,8.77621540305e-09,2.0255900418e-08
53667,0.000469266409525,251209904.195,9.38919701484e-05,9.66921044684e-06,1.22160208056,1.30590280341e-05,2.98752063956e-05,2.76838511699e-19,6.42488625908e-08,6.66044260834e-09,0.000881828104086,8.77541011271e-09,2.02513566813e-08
53668,0.000476005037328,262622819.005,9.18266028087e-05,9.45862046517e-06,1.19884751205,1.27601490848e-05,2.91980407145e-05,2.80638300957e-19,6.42797801282e-08,6.66460165038e-09,0.00088398438374,8.77528248425e-09,2.02478155966e-08
53669,0.000482649687169,257216182.251,8.92338487662e-05,9.19205324292e-06,1.16794142251,1.23921134708e-05,2.8360627039e-05,2.76907300296e-19,6.43063911205e-08,6.6679584464e-09,0.000885944951956,8.7749780525e-09,2.02441881269e-08
53670,0.000489232444283,260419929.986,8.54013737041e-05,8.80440670924e-06,1.12593275514,1.18334855253e-05,2.71019955655e-05,2.79027791487e-19,6.43414904941e-08,6.67424010765e-09,0.000889704142256,8.76982134141e-09,2.02344617977e-08
53671,0.000495769040269,258420671.03,8.32291513748e-05,8.58286403911e-06,1.10207057632,1.15186106233e-05,2.63908058197e-05,2.7710629511e-19,6.43717565857e-08,6.67826789537e-09,0.000892132583715,8.76868052436e-09,2.02300198884e-08
53672,0.00050350985453,240072608.771,7.90937774719e-05,8.16257501505e-06,1.05326242311,1.09266876666e-05,2.50454621589e-05,2.69531193691e-19,6.44076019562e-08,6.68468851188e-09,0.000895569616604,8.76473122521e-09,2.02201265379e-08
53673,0.00051109801803,233740913.178,7.59705173786e-05,7.84212627065e-06,1.01732645776,1.04789739626e-05,2.40318664329e-05,2.65375944977e-19,6.44385948719e-08,6.68886142336e-09,0.000898488486968,8.76235337648e-09,2.02132003471e-08
53674,0.000518519380326,234311843.67,7.49238668553e-05,7.73502231866e-06,1.00624711862,1.03268945776e-05,2.36845066328e-05,2.63483990678e-19,6.44690478812e-08,6.69233375406e-09,0.00090040058167,8.7632009195e-09,2.02098540167e-08
53675,0.000525813171312,240007636.418,7.34458671326e-05,7.58431974408e-06,0.99081703353,1.01107329674e-05,2.31946933161e-05,2.64819225801e-19,6.4502481746e-08,6.69630632135e-09,0.000902784382335,8.76306571581e-09,2.02057058418e-08
53676,0.000533003540435,238741005.775,7.21746606523e-05,7.45284671802e-06,0.976084449038,9.9298388494e-06,2.27799696744e-05,2.62312339834e-19,6.45303036124e-08,6.69902849391e-09,0.000904573259075,8.7638606351e-09,2.02024098498e-08
53677,0.000540107923971,238594939.063,7.04662674871e-05,7.27958358307e-06,0.957142414566,9.68248463563e-06,2.2216394788e-05,2.61062449462e-19,6.45618931552e-08,6.70315332416e-09,0.000906983634562,8.76307482322e-09,2.01967799356e-08
53678,0.000547143552678,240958871.143,6.87958610899e-05,7.11109083898e-06,0.939039755121,9.43869996278e-06,2.1661204923e-05,2.61238750805e-19,6.45956704479e-08,6.70768797591e-09,0.000909550628291,8.76203469323e-09,2.01907436484e-08
53679,0.000555515747948,236845123.942,6.64673198095e-05,6.87223661768e-06,0.910559862586,9.11066019995e-06,2.09089706547e-05,2.58033138814e-19,6.46308223421e-08,6.71197549222e-09,0.000911927558696,8.76240971794e-09,2.01861428609e-08
53680,0.000563666046792,214020473.496,6.49950855452e-05,6.71884405122e-06,0.892803282122,8.90269449297e-06,2.04332569783e-05,2.44676361924e-19,6.46541303042e-08,6.71387438255e-09,0.000913789414106,8.76218294387e-09,2.01805035766e-08
53681,0.000571626389675,216986218.604,6.33610640646e-05,6.55337851573e-06,0.875423280947,8.66344421137e-06,1.98887150678e-05,2.45039501004e-19,6.46906683807e-08,6.71839163881e-09,0.000916588027667,8.76116046581e-09,2.01739184957e-08
53682,0.000579427976622,215732139.089,6.2134386725e-05,6.42971209474e-06,0.861750606626,8.48600038415e-06,1.9480367886e-05,2.42915272677e-19,6.47239876159e-08,6.72241517198e-09,0.000918797397485,8.7614445357e-09,2.01687832393e-08
53683,0.000587096933387,205628530.741,6.03408558191e-05,6.24589900035e-06,0.839851790435,8.23237913853e-06,1.88977303205e-05,2.36685234967e-19,6.4751360846e-08,6.7253689708e-09,0.000920898594367,8.76097320848e-09,2.01624386636e-08
53684,0.000594662272028,208923289.15,5.90967711891e-05,6.1219011418e-06,0.827299966921,8.04774543039e-06,1.84761251231e-05,2.37121284872e-19,6.4785684431e-08,6.72978235509e-09,0.000923492358224,8.76006571037e-09,2.01556263894e-08
53685,0.000602129823831,202799713.408,5.78204023348e-05,5.99015322324e-06,0.81104690615,7.86989776936e-06,1.8064389891e-05,2.32779044106e-19,6.48122831008e-08,6.73206111741e-09,0.000925066031308,8.76124701462e-09,2.01521521504e-08
53686,0.000610970988971,207033564.849,5.71816940345e-05,5.92741517752e-06,0.804638066522,7.77556775176e-06,1.78430785979e-05,2.33147842352e-19,6.48486562511e-08,6.7363416645e-09,0.000927105152457,8.762766884e-09,2.01479675377e-08
53687,0.000619557198087,213028181.312,5.68370986132e-05,5.89573970619e-06,0.802262093853,7.72136879994e-06,1.77133932381e-05,2.34490975279e-19,6.48835483973e-08,6.74058892585e-09,0.000929048316533,8.76423381367e-09,2.01436694896e-08
53688,0.000627948466034,175102597.835,5.42276254431e-05,5.62433150034e-06,0.768758210977,7.35672939768e-06,1.68797363583e-05,2.1280456151e-19,6.48970521871e-08,6.74097879713e-09,0.000931168967633,8.76113762206e-09,2.01324188487e-08
53689,0.000636166018882,165312243.149,5.32348929464e-05,5.52398812692e-06,0.757625548386,7.21285603634e-06,1.65479390122e-05,2.06311066708e-19,6.49275082679e-08,6.74422358996e-09,0.000933206655555,8.76134959251e-09,2.01267581771e-08
53690,0.000644273523942,160966066.207,5.23898368736e-05,5.43675636858e-06,0.747096532014,7.09427181641e-06,1.62714314646e-05,2.02736826293e-19,6.49546344731e-08,6.74642373196e-09,0.000934741204389,8.76270300115e-09,2.01229527225e-08
53691,0.000652284534054,156554835.225,5.17196334527e-05,5.36997611647e-06,0.740024037365,6.99561240965e-06,1.60415237974e-05,1.98568992393e-19,6.49812875747e-08,6.74926832243e-09,0.000936565296518,8.76280830406e-09,2.0116645676e-08
53692,0.000660202442366,156250980.407,5.12702604353e-05,5.32429561065e-06,0.735132692859,6.93047466012e-06,1.58870844223e-05,1.96703506714e-19,6.50082074556e-08,6.75148433897e-09,0.000938063139149,8.76418263629e-09,2.01128505723e-08
53693,0.000668041899188,155812297.489,5.08372636249e-05,5.28044833159e-06,0.730410938004,6.8677103351e-06,1.57379540062e-05,1.94899083919e-19,6.5034695935e-08,6.75365410607e-09,0.000939526487933,8.76555991421e-09,2.01091015772e-08
53694,0.00067732245223,147459574.758,4.98385511034e-05,5.17817570733e-06,0.717601015041,6.72841558252e-06,1.54128123496e-05,1.89147516317e-19,6.50652172391e-08,6.75638081895e-09,0.000941191378269,8.76715744369e-09,2.01048900754e-08
53695,0.000686347601842,147315326.455,4.93773651404e-05,5.13286312714e-06,0.712571121478,6.66144645044e-06,1.52527798764e-05,1.86948454742e-19,6.50958146316e-08,6.75940031694e-09,0.000942827833451,8.76879391592e-09,2.01007140614e-08
53696,0.000695150096861,126423793.376,4.8342919913e-05,5.02092715411e-06,0.698776749858,6.51936547355e-06,1.4926304644e-05,1.73361412927e-19,6.51082450993e-08,6.75796590624e-09,0.000944025777116,8.76872512787e-09,2.00948513932e-08
53697,0.000703781297225,116107878.659,4.76492150244e-05,4.9503403276e-06,0.690346501665,6.42135191558e-06,1.46976450578e-05,1.65799495102e-19,6.51297636893e-08,6.75961447946e-09,0.000945502110579,8.76923051673e-09,2.00892309018e-08
53698,0.000712254533531,113455146.332,4.72518870035e-05,4.90996188643e-06,0.685697259584,6.36497852575e-06,1.45630358973e-05,1.62318627347e-19,6.51547362965e-08,6.76136625478e-09,0.000946826815695,8.7708634315e-09,2.00858380225e-08
53699,0.000720596626952,110973502.883,4.68703593862e-05,4.87138736083e-06,0.681228880128,6.31088960181e-06,1.44336728231e-05,1.59200265111e-19,6.51791411235e-08,6.76308317968e-09,0.000948112659732,8.77249907608e-09,2.00825705937e-08
53700,0.000728827118975,104948140.123,4.59412451423e-05,4.7761259781e-06,0.668671988924,6.18346825655e-06,1.41366651738e-05,1.54675377377e-19,6.5202101258e-08,6.76464805054e-09,0.000949327198961,8.77408732755e-09,2.00793539813e-08
53701,0.000736953809755,103778101.369,4.60143293176e-05,4.7851316691e-06,0.670740196359,6.19082839724e-06,1.41478876047e-05,1.51947926469e-19,6.52252929004e-08,6.76633826012e-09,0.000950538535506,8.77570740931e-09,2.00762153657e-08
53702,0.000744977020042,102139718.765,4.5674746997e-05,4.75141546332e-06,0.666754812709,6.14279037827e-06,1.40324502163e-05,1.49176152007e-19,6.52483739606e-08,6.76802710888e-09,0.000951723620085,8.77738134445e-09,2.00733468896e-08
53703,0.000752914141712,100504211.972,4.53455777601e-05,4.71889172257e-06,0.662884137245,6.09627314621e-06,1.39205939687e-05,1.46604175717e-19,6.52710057981e-08,6.76970675229e-09,0.00095287895059,8.77905296613e-09,2.00705928055e-08
53704,0.000762304334256,97811949.1219,4.49648321098e-05,4.68171120829e-06,0.658400483711,6.04246599971e-06,1.37912304599e-05,1.42938043596e-19,6.52975278416e-08,6.77198859825e-09,0.000954221774345,8.78097740092e-09,2.00674325181e-08
53705,0.000771419887666,95889188.9666,4.4603250722e-05,4.64641878165e-06,0.6541257778,5.99146191833e-06,1.36686100793e-05,1.40016378868e-19,6.53228352654e-08,6.77411427549e-09,0.000955498827185,8.78285794915e-09,2.00644808426e-08
53706,0.000780297919808,72148482.6353,4.30959748383e-05,4.47628996721e-06,0.631563670555,5.79207499577e-06,1.32170927055e-05,1.2543830631e-19,6.53191029533e-08,6.76729045977e-09,0.000955780960212,8.78291826035e-09,2.00612270855e-08
53707,0.000789022779079,71324404.8792,4.29615798841e-05,4.46301627852e-06,0.630352425636,5.77243658595e-06,1.31671386392e-05,1.23020064937e-19,6.53401756578e-08,6.76832652609e-09,0.000956867328283,8.78457822218e-09,2.00583982675e-08
53708,0.000797583767387,69911360.4917,4.26461401406e-05,4.43084313628e-06,0.626448292351,5.72858401002e-06,1.30621635119e-05,1.20474868933e-19,6.53613812769e-08,6.76930606971e-09,0.000957927038663,8.78633828974e-09,2.00560246932e-08
53709,0.000806003506431,66606733.5925,4.23346873233e-05,4.39736175898e-06,0.622413660228,5.68593051492e-06,1.29611095625e-05,1.16916817234e-19,6.53795230876e-08,6.76941235539e-09,0.000958863888092,8.78793313608e-09,2.00537867113e-08
53710,0.000814309746003,64256538.2371,4.20321307614e-05,4.36455042835e-06,0.61845855018,5.64461911281e-06,1.2863331551e-05,1.13762544994e-19,6.53968781482e-08,6.76933672618e-09,0.000959756860385,8.78950159687e-09,2.00516756975e-08
53711,0.000824135294842,61565490.2909,4.16845880067e-05,4.32779016129e-06,0.613970449988,5.59691365829e-06,1.27500779457e-05,1.10246523024e-19,6.54181821768e-08,6.76978076595e-09,0.000960825211358,8.79135846152e-09,2.00492703775e-08
53712,0.000833668737306,59491400.6845,4.13557407245e-05,4.2934102681e-06,0.609745736742,5.55169460194e-06,1.26425582477e-05,1.07246857259e-19,6.54390084068e-08,6.77031041929e-09,0.000961856721654,8.79319245944e-09,2.00470390753e-08
53713,0.000842962935969,57681203.9243,4.11341010351e-05,4.27031773336e-06,0.607076982484,5.52090599784e-06,1.2568073909e-05,1.04235468496e-19,6.54586125212e-08,6.77079718914e-09,0.000962837842212,8.79491006862e-09,2.00447873523e-08
53714,0.00085204862159,55806339.819,4.09777510073e-05,4.25369250932e-06,0.605315159543,5.49905029006e-06,1.2514329472e-05,1.01450308422e-19,6.54787153964e-08,6.77121492603e-09,0.000963794140235,8.79679049742e-09,2.00431690576e-08
53715,0.000860972440571,48556525.5843,4.04262844789e-05,4.18908111073e-06,0.59698476148,5.42671064975e-06,1.23500112347e-05,9.544656793e-20,6.54834353182e-08,6.76731686001e-09,0.000964209395958,8.79763147609e-09,2.00410816576e-08
53716,0.000869723680538,47179084.182,4.01409355504e-05,4.1578092282e-06,0.593144002486,5.38806095455e-06,1.225896194e-05,9.30960041642e-20,6.54994103199e-08,6.76686112429e-09,0.000965006816557,8.79919431836e-09,2.00393488723e-08
53717,0.00087833518502,45815641.3652,3.98661726398e-05,4.12790496918e-06,0.589461667197,5.35078264183e-06,1.217101783e-05,9.07372791769e-20,6.55151659054e-08,6.76645430837e-09,0.000965785302244,8.80074156168e-09,2.00377046231e-08
53718,0.000886824165094,44527693.9462,3.9600276471e-05,4.09901534124e-06,0.585898628313,5.31469708307e-06,1.20858615562e-05,8.84220704168e-20,6.55305302094e-08,6.76603703315e-09,0.000966539522259,8.80226179175e-09,2.0036142008e-08
53719,0.0008952073747,43957615.0553,4.046865302e-05,4.18681681341e-06,0.599032209601,5.43113453616e-06,1.2348073474e-05,8.64779878637e-20,6.55485614045e-08,6.76574318251e-09,0.000967320917043,8.80421351007e-09,2.00356592524e-08
53720,0.000905115761044,41915908.6697,3.99285835345e-05,4.1296412499e-06,0.591471892155,5.35810649828e-06,1.21784226492e-05,8.36413037531e-20,6.55656283436e-08,6.76534956694e-09,0.000968162362583,8.80584800776e-09,2.00337784097e-08
53721,0.000914717544422,40697800.1852,3.96390877901e-05,4.0983138619e-06,0.587580576855,5.31879211893e-06,1.20856927621e-05,8.14047342187e-20,6.55824141299e-08,6.76494209416e-09,0.000968969371009,8.80749988639e-09,2.0032183024e-08
53722,0.00092406191626,39337806.8659,3.9163216329e-05,4.04774817151e-06,0.580897980476,5.25451508247e-06,1.1936443648e-05,7.91566874879e-20,6.56000343678e-08,6.76459393187e-09,0.000969764018426,8.80932552254e-09,2.00311865698e-08
53723,0.00093319567634,38283142.9026,3.88986824278e-05,4.01917740796e-06,0.577339284417,5.21858282424e-06,1.18516860338e-05,7.71952937026e-20,6.56156435234e-08,6.76416687413e-09,0.00097050576908,8.81088524673e-09,2.00297787566e-08
53724,0.00094214971906,37240563.7408,3.86153885677e-05,3.98871779434e-06,0.573483917019,5.18015744987e-06,1.17614081175e-05,7.52169955522e-20,6.56312638433e-08,6.76376428443e-09,0.000971228830633,8.81247935433e-09,2.0028610816e-08
53725,0.000950963053592,36536920.8428,3.86167881842e-05,3.98775901208e-06,0.573850295813,5.17991568315e-06,1.17578933307e-05,7.34007517484e-20,6.56449809588e-08,6.76329317497e-09,0.000971905389399,8.81381301014e-09,2.00270174637e-08
53726,0.000959639589122,35654108.1917,3.83765581779e-05,3.96191238224e-06,0.570618874873,5.14726245928e-06,1.1680880004e-05,7.1577464773e-20,6.5659299494e-08,6.76287379279e-09,0.000972576573956,8.81526181458e-09,2.00258123184e-08
53727,0.000968207140564,34819319.758,3.81431000289e-05,3.93682166448e-06,0.567479259502,5.11552164979e-06,1.16060247758e-05,6.98179987653e-20,6.56732683836e-08,6.7624586364e-09,0.000973228899979,8.81667875492e-09,2.00246607315e-08
53728,0.000978328959879,33572898.7609,3.81391412607e-05,3.93522601118e-06,0.56778772066,5.11451924448e-06,1.16006168676e-05,6.77652674624e-20,6.56901042482e-08,6.76211933316e-09,0.000973995869697,8.81836594968e-09,2.00234892452e-08
53729,0.000988142240862,32752196.4944,3.78798457017e-05,3.90747330516e-06,0.564302282226,5.0792234388e-06,1.15174437628e-05,6.59364960301e-20,6.57057291185e-08,6.7617420641e-09,0.000974719407301,8.81991742551e-09,2.00222424361e-08
53730,0.000997698067313,31996358.9251,3.76316116983e-05,3.88091270169e-06,0.560967715417,5.04542516536e-06,1.14377994298e-05,6.42281813833e-20,6.57207530373e-08,6.76135845139e-09,0.000975412939759,8.82141571942e-09,2.00210696992e-08
53731,0.0010070181009,27135138.7549,3.71629861524e-05,3.81864042313e-06,0.552605172489,4.98760688965e-06,1.13120288001e-05,5.9685517336e-20,6.5706578618e-08,6.75216650556e-09,0.000974887461116,8.82148621982e-09,2.00204396473e-08
53732,0.00101617807083,26569705.3114,3.69321375673e-05,3.79382944906e-06,0.549461929653,4.95624702366e-06,1.12381971313e-05,5.82041002621e-20,6.57201351771e-08,6.75163510099e-09,0.000975502122684,8.82287890848e-09,2.00193827467e-08
53733,0.00102518528909,26029706.4542,3.67086168162e-05,3.76983267462e-06,0.546418320203,4.92587524887e-06,1.11667136625e-05,5.676578997e-20,6.57332736575e-08,6.75111380338e-09,0.000976096016779,8.82423063729e-09,2.00183766896e-08
53734,0.00103406308882,25500231.7299,3.64916153262e-05,3.74655801274e-06,0.543463305237,4.89638283819e-06,1.109732123e-05,5.54322390753e-20,6.57460518162e-08,6.75060074633e-09,0.000976671939789,8.82554665851e-09,2.00174152974e-08
53735,0.00104454785235,24664725.5034,3.63953063459e-05,3.73561419366e-06,0.542351212825,4.88298673667e-06,1.10640639344e-05,5.36255892388e-20,6.57597172021e-08,6.75001583366e-09,0.000977315168178,8.82687149794e-09,2.00159784244e-08
53736,0.00105469252087,24154962.9092,3.61547050367e-05,3.70990097843e-06,0.539075221745,4.85024962777e-06,1.09871228661e-05,5.22605752868e-20,6.57738830583e-08,6.749517053e-09,0.000977949184307,8.82829794356e-09,2.00149396864e-08
53737,0.00106455798984,23676387.385,3.59246338521e-05,3.68531833622e-06,0.535945112413,4.81893526108e-06,1.09135288883e-05,5.09152313582e-20,6.57874723447e-08,6.74902284582e-09,0.000978555766497,8.82966996888e-09,2.00139636348e-08
53738,0.00107418937188,23251062.8443,3.59646193852e-05,3.68842403408e-06,0.536817291914,4.82390753893e-06,1.09222910049e-05,4.9585075191e-20,6.58023091896e-08,6.74865915527e-09,0.000979172056783,8.83123916844e-09,2.00135267638e-08
53739,0.00108362634675,22470615.1207,3.57803553849e-05,3.67437737851e-06,0.53498462226,4.79687483063e-06,1.08557867359e-05,4.81033017238e-20,6.58272527506e-08,6.75208689509e-09,0.000980205436804,8.83331231773e-09,2.00131663332e-08
53740,0.00109291370736,22028933.7597,3.57857264237e-05,3.67393844611e-06,0.535349526915,4.79718523307e-06,1.08540743229e-05,4.68605529095e-20,6.58396097088e-08,6.75159307e-09,0.000980756674981,8.83456503051e-09,2.00123426774e-08
53741,0.00110204772302,21456125.7524,3.55829709885e-05,3.65222879202e-06,0.532604528932,4.76956461923e-06,1.07892047519e-05,4.56952269834e-20,6.58516105092e-08,6.75110879561e-09,0.000981290622173,8.83578090794e-09,2.00115580704e-08
53742,0.00111282734184,20660163.8884,3.53474427275e-05,3.62708030621e-06,0.529413597462,4.73745277263e-06,1.07138733878e-05,4.41686014358e-20,6.5865517111e-08,6.75061943763e-09,0.000981907240115,8.83715468489e-09,2.00106511201e-08
53743,0.00112325544093,20022759.0397,3.51233749677e-05,3.60315826181e-06,0.526377933948,4.70689769631e-06,1.06422212691e-05,4.28931365836e-20,6.58787550945e-08,6.75013293292e-09,0.000982492635845,8.83846647579e-09,2.00098106411e-08
53744,0.00113340557982,19561818.1442,3.51344805341e-05,3.60342377777e-06,0.526861207734,4.70785384205e-06,1.06419073991e-05,4.16063058719e-20,6.58897839693e-08,6.74958016622e-09,0.00098302262368,8.83948015465e-09,2.00085482989e-08
53745,0.00114331618864,19009715.9753,3.49274672267e-05,3.58132368639e-06,0.524060020863,4.67960537699e-06,1.05756936498e-05,4.04798435309e-20,6.59019655368e-08,6.74910598433e-09,0.000983558773496,8.84069036515e-09,2.00078133313e-08
53746,0.0011530289791,18385297.7032,3.47276108202e-05,3.55999425875e-06,0.521349722213,4.65234456377e-06,1.05118514243e-05,3.93046379661e-20,6.59136552804e-08,6.74863191802e-09,0.000984071847065,8.84185609793e-09,2.00071268203e-08
53747,0.0011625765862,17795615.6332,3.4533994429e-05,3.53932608894e-06,0.51871962721,4.62594432859e-06,1.04500665973e-05,3.81891820504e-20,6.59249243423e-08,6.74815417522e-09,0.000984565179164,8.8429840058e-09,2.00064821666e-08
53748,0.00117199481087,17356043.8884,3.45227133958e-05,3.53736045288e-06,0.518821350192,4.62398031534e-06,1.04435505494e-05,3.72431732819e-20,6.59376128047e-08,6.74759716577e-09,0.000985158176651,8.84419587233e-09,2.00052841378e-08
53749,0.00118310370745,16648785.4327,3.43029810329e-05,3.51391123512e-06,0.515826703909,4.59402661989e-06,1.03735631117e-05,3.5993538956e-20,6.59502532277e-08,6.74706817206e-09,0.000985708547319,8.84544154948e-09,2.00045801896e-08
53750,0.00119385551977,16101151.8709,3.40939945625e-05,3.49158136138e-06,0.512975177461,4.56555030251e-06,1.03070516544e-05,3.49051924363e-20,6.59622407698e-08,6.74652785993e-09,0.000986229002317,8.84663204448e-09,2.00039333147e-08
53751,0.0012043389634,15714676.7118,3.4040127471e-05,3.48516042985e-06,0.512446942527,4.55786505959e-06,1.0287574619e-05,3.39565989676e-20,6.59726231471e-08,6.74594325947e-09,0.00098670825993,8.84760892754e-09,2.00030033187e-08
53752,0.00121455762095,15275873.7713,3.37777072199e-05,3.45736966927e-06,0.508757827186,4.52230570872e-06,1.02053139604e-05,3.30182527973e-20,6.59841305453e-08,6.7454069807e-09,0.000987190632978,8.84879440431e-09,2.00026096181e-08
53753,0.00122448454134,12901936.1437,3.32384926471e-05,3.39649838499e-06,0.4992839689,4.45425933033e-06,1.00561219186e-05,3.08343122874e-20,6.59691305908e-08,6.73986766098e-09,0.000986454754348,8.84871947235e-09,2.00026842861e-08
53754,0.00123432576333,12771888.9895,3.30575526085e-05,3.37704934196e-06,0.496766382771,4.42974095014e-06,9.99900142248e-06,3.00787060853e-20,6.59789319395e-08,6.73921946104e-09,0.000986871186497,8.84974638586e-09,2.00021821283e-08
53755,0.00124402609284,12660889.7667,3.28818238169e-05,3.35815031243e-06,0.49432135041,4.40592609924e-06,9.94352468426e-06,2.93328899358e-20,6.59884364386e-08,6.73858144069e-09,0.000987273826777,8.85074182102e-09,2.00017044471e-08
53756,0.00125547777906,12309225.8423,3.26776742314e-05,3.33622153199e-06,0.491479642492,4.3782416048e-06,9.87907750713e-06,2.83976687886e-20,6.59994505075e-08,6.73787962914e-09,0.000987738866456,8.85186896955e-09,2.00011439994e-08
53757,0.00126656510739,12191375.8685,3.25794491748e-05,3.32513118977e-06,0.490223797015,4.36475418828e-06,9.84673904677e-06,2.76995976174e-20,6.60097976115e-08,6.73713138186e-09,0.000988188439024,8.85290584907e-09,2.00004332233e-08
53758,0.00127736351348,12032402.5063,3.2533225655e-05,3.3193843847e-06,0.489748327086,4.35822319699e-06,9.83014617102e-06,2.69381115742e-20,6.60186314353e-08,6.73640706272e-09,0.000988587449888,8.85375638957e-09,1.99996157241e-08
53759,0.00128789758116,11942319.9524,3.30836447207e-05,3.37435022696e-06,0.498179733483,4.43180945739e-06,9.99457805437e-06,2.64201409777e-20,6.60302636403e-08,6.73584782499e-09,0.000989032350972,8.85501858979e-09,1.99996438317e-08
53760,0.001298221085,11597288.1241,3.29287273248e-05,3.35751782492e-06,0.496040090747,4.41076274942e-06,9.94542962011e-06,2.5676852507e-20,6.60409100461e-08,6.73527445393e-09,0.00098944910873,8.856151594e-09,1.99995302896e-08
53761,0.00130837135846,11266554.6305,3.27575009298e-05,3.33908785372e-06,0.493662152114,4.38749510553e-06,9.89129668557e-06,2.49928098653e-20,6.60500378376e-08,6.73465846174e-09,0.00098982905752,8.85707444735e-09,1.99991179951e-08
53762,0.00131837625178,10952509.3536,3.25912513557e-05,3.32119667199e-06,0.491352640743,4.36489733623e-06,9.83874875561e-06,2.43340997239e-20,6.60588921521e-08,6.73405463781e-09,0.000990196538544,8.85796736015e-09,1.99987292566e-08
53763,0.00133018749709,10542337.0351,3.23980535997e-05,3.30042950531e-06,0.488665981922,4.33862333039e-06,9.77771417933e-06,2.35298908855e-20,6.60691427693e-08,6.7333790765e-09,0.000990620705384,8.85897925898e-09,1.99982769993e-08
53764,0.00134162812836,10293961.4817,3.22139850888e-05,3.28063044575e-06,0.486105209932,4.3135899777e-06,9.71958349725e-06,2.28668828492e-20,6.60788971543e-08,6.7327193474e-09,0.000991023059241,8.85994335317e-09,1.9997863019e-08
53765,0.00135277158501,10210493.9668,3.21067390505e-05,3.26867821683e-06,0.484697908077,4.29885016263e-06,9.68471073311e-06,2.2306774898e-20,6.60876453383e-08,6.73204590518e-09,0.000991396536824,8.8607789033e-09,1.99973182275e-08
53766,0.00136366947541,10238848.7235,3.18748009303e-05,3.24402654641e-06,0.481398793495,4.26743477303e-06,9.61232909435e-06,2.18417535219e-20,6.60972804451e-08,6.73143528203e-09,0.000991778203869,8.8617604677e-09,1.99971197534e-08
53767,0.00137436931313,10276171.8709,3.17113437383e-05,3.2263540899e-06,0.479133719089,4.2451810694e-06,9.56060378629e-06,2.13897131146e-20,6.61060409302e-08,6.73081133761e-09,0.000992136700981,8.86262299093e-09,1.99967779935e-08
53768,0.00138489419865,10027624.9766,3.15530081468e-05,3.20924967669e-06,0.476936373782,4.22362343838e-06,9.51053634497e-06,2.08307151098e-20,6.61144938375e-08,6.73020554243e-09,0.000992481522009,8.86345180922e-09,1.99964555453e-08
53769,0.0013952700574,9763405.65179,3.13283970257e-05,3.18541980095e-06,0.473719510454,4.19323033959e-06,9.44067957101e-06,2.02865753663e-20,6.61238792991e-08,6.72966160774e-09,0.000992836398338,8.86443093444e-09,1.99964704238e-08
53770,0.00140724560594,9406134.87856,3.11753652977e-05,3.16874835444e-06,0.471609399841,4.17235697365e-06,9.3920941451e-06,1.96195017465e-20,6.61337500994e-08,6.72902658426e-09,0.000993223457678,8.86541011622e-09,1.99962803358e-08
53771,0.0014188845608,9116626.49788,3.10087852161e-05,3.15074653772e-06,0.469296306237,4.14965201697e-06,9.33942710992e-06,1.90393341091e-20,6.61426217557e-08,6.72838641136e-09,0.000993582149129,8.86625951907e-09,1.99959586032e-08
53772,0.00143024703328,8804666.39539,3.08488182317e-05,3.13345608025e-06,0.46707381498,4.12784456265e-06,9.28886784604e-06,1.84779198079e-20,6.61511285388e-08,6.72776293586e-09,0.000993925033227,8.86707215185e-09,1.99956610099e-08
53773,0.00144138261874,8502470.38668,3.06945008061e-05,3.11677513669e-06,0.464927803131,4.1068064257e-06,9.24012191462e-06,1.79433151264e-20,6.6159313897e-08,6.7271529184e-09,0.00099425395407,8.86785281538e-09,1.99953853887e-08
53774,0.00145233806986,8215115.73723,3.05450663855e-05,3.10062153267e-06,0.462847237524,4.08643572191e-06,9.19295246123e-06,1.74290324363e-20,6.6167211042e-08,6.72655377321e-09,0.000994570327922,8.86860541653e-09,1.99951299486e-08
53775,0.00146318414379,8018285.96956,3.06589007279e-05,3.11121417769e-06,0.464762669734,4.10126242468e-06,9.22496875258e-06,1.69480538263e-20,6.61725422336e-08,6.72587128574e-09,0.000994836518667,8.86897535373e-09,1.99942504621e-08
53776,0.00147527672661,7700916.03057,3.04981625142e-05,3.09384560976e-06,0.462518594011,4.07935553173e-06,9.17431451482e-06,1.63808668161e-20,6.61808889844e-08,6.72522637343e-09,0.000995169161101,8.86976179988e-09,1.99939939262e-08
53777,0.00148709104944,7442643.13492,3.03438576054e-05,3.07716788679e-06,0.460361874115,4.05833111403e-06,9.12572339013e-06,1.58654707685e-20,6.61888585724e-08,6.72459613149e-09,0.000995485711063,8.87051464164e-09,1.99937607685e-08
53778,0.00149867943693,7248222.17426,3.01949352127e-05,3.06106372544e-06,0.45827813385,4.03804642535e-06,9.07885738043e-06,1.53923659173e-20,6.61965076014e-08,6.72397843792e-09,0.000995788571148,8.87123886136e-09,1.99935470146e-08
53779,0.00151008297719,7157950.3637,3.01480261808e-05,3.0553183273e-06,0.457712206829,4.03148491602e-06,9.06297826374e-06,1.49839027942e-20,6.62044696176e-08,6.72339328621e-09,0.000996089503231,8.87203040208e-09,1.99935109252e-08
53780,0.0015213342077,7169832.5225,3.00078393216e-05,3.04011179565e-06,0.455752520941,4.0123913418e-06,9.01883675777e-06,1.46274353942e-20,6.62116378899e-08,6.72279503887e-09,0.00099637164292,8.87271070903e-09,1.99933244139e-08
53781,0.00153249465868,7212088.61428,2.99993697854e-05,3.03823737572e-06,0.455800458163,4.01089050599e-06,9.0142043547e-06,1.4296853251e-20,6.62174758631e-08,6.72216283567e-09,0.00099662757997,8.87318904218e-09,1.99928204364e-08
53782,0.00154474691779,6997437.63869,2.97296178377e-05,3.00982127684e-06,0.451877213568,3.97446034954e-06,8.93103561433e-06,1.38435272131e-20,6.62261466955e-08,6.72157839579e-09,0.000996940461219,8.87407488031e-09,1.99929492364e-08
53783,0.00155675558864,6798067.47084,2.95880483725e-05,2.99442594967e-06,0.449901697579,3.9551566274e-06,8.88639261631e-06,1.34344768822e-20,6.62333682669e-08,6.72097035022e-09,0.000997222338424,8.87474621607e-09,1.99927648769e-08
53784,0.0015685639462,6642998.88573,2.94513043278e-05,2.97954756271e-06,0.447993350499,3.93650622885e-06,8.84326934189e-06,1.30528780374e-20,6.62403295664e-08,6.7203788906e-09,0.00099749318912,8.87539056018e-09,1.99925922713e-08
53785,0.00158021635366,6629441.44444,2.94943485205e-05,2.98285712308e-06,0.448818565268,3.94188724921e-06,8.85414166635e-06,1.27529912213e-20,6.62509952631e-08,6.71946710987e-09,0.000997955507812,8.87636457795e-09,1.99917705425e-08
53786,0.00159174776409,6644063.21193,2.93650718888e-05,2.96873567355e-06,0.447019827336,3.9242380653e-06,8.81329678107e-06,1.23976202125e-20,6.6257551676e-08,6.7189014974e-09,0.000998209073945,8.87696499641e-09,1.99916164489e-08
53787,0.00160422975189,6460169.99798,2.92896455875e-05,2.95999524983e-06,0.44605456474,3.91374241296e-06,8.78845094495e-06,1.19981001482e-20,6.62639320136e-08,6.71828265955e-09,0.000998468703564,8.87749938305e-09,1.99912859883e-08
53788,0.00161649890909,6274990.33868,2.91569349514e-05,2.9455011297e-06,0.444206287057,3.89561090379e-06,8.74653155829e-06,1.1627175268e-20,6.6270583739e-08,6.71770673687e-09,0.000998724522606,8.87809504493e-09,1.99911320678e-08
53789,0.00162860657406,6092474.52147,2.90284892343e-05,2.9314687894e-06,0.442416756304,3.87805682693e-06,8.70596396782e-06,1.12842688448e-20,6.62769990936e-08,6.71714667624e-09,0.000998970470783,8.87866557053e-09,1.99909882113e-08
53790,0.00164058714734,5999800.84418,2.89038703785e-05,2.9178393722e-06,0.440681116116,3.86102011862e-06,8.66659502047e-06,1.09749922302e-20,6.62832123313e-08,6.7165991723e-09,0.000999207935312,8.87921481781e-09,1.9990853803e-08
53791,0.0016534038404,5868853.93916,2.87731230531e-05,2.90354111689e-06,0.438858623105,3.84314207043e-06,8.62530675993e-06,1.06344751089e-20,6.62896954929e-08,6.71602534869e-09,0.000999455022771,8.87978178129e-09,1.99907154002e-08
53792,0.00166606829049,5866713.15818,2.88305182781e-05,2.90821063025e-06,0.439917850224,3.85035844779e-06,8.64029675336e-06,1.03717681318e-20,6.62943771101e-08,6.71539185299e-09,0.000999673946882,8.88005259701e-09,1.99900803216e-08
53793,0.00167853947579,5767668.423,2.87077283597e-05,2.89473411324e-06,0.438209959268,3.83355341937e-06,8.60146459539e-06,1.00906259119e-20,6.63004486942e-08,6.71484601848e-09,0.000999904107855,8.88057608981e-09,1.99899581111e-08
53794,0.00169090025991,5712245.99874,2.85885953044e-05,2.88163439304e-06,0.436554972604,3.81724019902e-06,8.56375577179e-06,9.86380936316e-21,6.63063642742e-08,6.71431070784e-09,0.00100012774002,8.88108245933e-09,1.99898411654e-08
53795,0.00170400477722,5713157.6265,2.85256181502e-05,2.87411301794e-06,0.435772023432,3.80838368471e-06,8.54269094586e-06,9.67080684198e-21,6.63120231726e-08,6.71372382775e-09,0.00100035504014,8.88151372446e-09,1.9989547336e-08
53796,0.00171694262912,5592737.98323,2.84060234229e-05,2.86092582198e-06,0.434113238804,3.79198973178e-06,8.50478720113e-06,9.41665876192e-21,6.63179982615e-08,6.71317836268e-09,0.00100057980948,8.88201476038e-09,1.99894300154e-08
53797,0.00172974558294,5032276.57683,2.80761364834e-05,2.82669788047e-06,0.429268804766,3.7474133002e-06,8.40375716789e-06,8.92939789167e-21,6.63228785902e-08,6.71265503955e-09,0.00100077615985,8.88236661636e-09,1.99891609594e-08
53798,0.00174346196646,5055824.87623,2.80405796989e-05,2.82199665898e-06,0.428889270937,3.74223968353e-06,8.39109355848e-06,8.78197348627e-21,6.63341789718e-08,6.71208094505e-09,0.00100126917498,8.88330813094e-09,1.99883404726e-08
53799,0.00175700446648,5002582.13933,2.80572783053e-05,2.82265452242e-06,0.42925764779,3.74417691682e-06,8.3945850973e-06,8.57484012518e-21,6.63404642129e-08,6.71156140554e-09,0.00100148892349,8.8838804243e-09,1.99884190869e-08
53800,0.00177040629718,4852547.59165,2.79430645923e-05,2.81007745011e-06,0.427665580829,3.72852447861e-06,8.35848241024e-06,8.32926420119e-21,6.63460657977e-08,6.71103016691e-09,0.00100169675389,8.88434230227e-09,1.99883266928e-08
53801,0.00178369786513,4309294.64719,2.76078953559e-05,2.77597625189e-06,0.422642237269,3.68350171756e-06,8.25727516244e-06,7.66738413209e-21,6.63479471478e-08,6.71071580742e-09,0.00100177192533,8.88447876313e-09,1.99882285437e-08
53802,0.00179784787178,4306558.20879,2.76101281378e-05,2.77512322462e-06,0.422836351186,3.68338064221e-06,8.25600044569e-06,7.4115480479e-21,6.6352277297e-08,6.71014322767e-09,0.00100195946344,8.88473644544e-09,1.9987804401e-08
53803,0.00181184388432,4189680.5716,2.74981737536e-05,2.76284735949e-06,0.421264572914,3.66806877967e-06,8.22075868532e-06,7.17947927194e-21,6.63573780383e-08,6.70964378653e-09,0.00100214615206,8.88515891162e-09,1.99877382445e-08
53804,0.00182572965663,4072011.14444,2.74740094687e-05,2.75941994625e-06,0.42103330118,3.66447543649e-06,8.21181172336e-06,6.99812351801e-21,6.63640849118e-08,6.70896229029e-09,0.00100241524142,8.88571564118e-09,1.99873758469e-08
53805,0.00184017156675,3995809.9273,2.7363363514e-05,2.7472814243e-06,0.419478678004,3.64933878154e-06,8.17698408486e-06,6.80259814601e-21,6.63691060583e-08,6.70846536054e-09,0.0010025977921,8.88612668799e-09,1.99873119869e-08
53806,0.00185451437899,4015913.16815,2.72563924278e-05,2.73550722119e-06,0.417978868269,3.63469736796e-06,8.14325857652e-06,6.66802239279e-21,6.63740079362e-08,6.7079772449e-09,0.00100277534565,8.88652692214e-09,1.99872506587e-08
53807,0.00186462719266,3937368.64264,2.71823047191e-05,2.72735379077e-06,0.41693946262,3.62455676524e-06,8.11990572449e-06,6.54335263358e-21,6.63773993968e-08,6.70763694129e-09,0.00100289773541,8.886804087e-09,1.99872110442e-08
53808,0.00187670516634,3836863.50211,2.70955304321e-05,2.71780672974e-06,0.415721394934,3.61267774057e-06,8.09255807418e-06,6.38426846409e-21,6.6381361716e-08,6.70723908793e-09,0.00100304042349,8.88712487515e-09,1.99871627006e-08
53809,0.00188662910991,3839338.13476,2.70254719323e-05,2.7100860294e-06,0.414738752676,3.60308478644e-06,8.0704634254e-06,6.3078387027e-21,6.63845795293e-08,6.70691379858e-09,0.00100315595174,8.88738549366e-09,1.99871253245e-08
53810,0.0018984924868,3815230.06333,2.70592417062e-05,2.71260703645e-06,0.415380569784,3.60724771177e-06,8.07900679907e-06,6.20367046833e-21,6.63874763312e-08,6.70646586993e-09,0.00100328904434,8.88750632639e-09,1.99867144763e-08
53811,0.00190844830096,3764649.56756,2.69912628169e-05,2.70510011393e-06,0.414427960192,3.59793451621e-06,8.05754686438e-06,6.10014245839e-21,6.63906156521e-08,6.70614686878e-09,0.00100340129838,8.88775791282e-09,1.99866772863e-08
53812,0.0019203550265,3690012.69441,2.69115910302e-05,2.69629910443e-06,0.413311392579,3.58701676666e-06,8.03239140953e-06,5.97189530354e-21,6.63942986716e-08,6.70577228276e-09,0.00100353270616,8.88805064557e-09,1.99866319216e-08
53813,0.0019304420178,3710233.69148,2.70483065548e-05,2.70958200639e-06,0.415400322206,3.60526335125e-06,8.07307590441e-06,5.90733500313e-21,6.63982490238e-08,6.70552388664e-09,0.00100364386902,8.88847857377e-09,1.99869608716e-08
53814,0.00194250078374,3303786.24698,2.66810651434e-05,2.67261652792e-06,0.40982757143,3.55609710435e-06,7.96296317694e-06,5.4052749446e-21,6.63993264594e-08,6.70545622697e-09,0.0010036615112,8.888620735e-09,1.99872282204e-08
53815,0.00195271464068,3241698.30613,2.6615942453e-05,2.66546611571e-06,0.408908469584,3.54719042703e-06,7.94248802308e-06,5.30427996152e-21,6.64021302722e-08,6.70516578632e-09,0.00100376022545,8.88884523037e-09,1.99872020052e-08
53816,0.00196493041408,3148540.00755,2.65395321879e-05,2.65708024469e-06,0.407829334246,3.53673926231e-06,7.91846989837e-06,5.17770675593e-21,6.64054114e-08,6.70482554348e-09,0.00100387547617,8.88910602355e-09,1.99871698884e-08
53817,0.00197950770723,3034689.1152,2.64504182242e-05,2.64730802687e-06,0.406569580277,3.52455015587e-06,7.89047177057e-06,5.01682061623e-21,6.64092127463e-08,6.70443050667e-09,0.0010040087013,8.88940545726e-09,1.99871313375e-08
53818,0.00199089104969,2987659.05833,2.63821879527e-05,2.63982308752e-06,0.405604803358,3.51521714342e-06,7.86903442297e-06,4.93436304967e-21,6.64121299487e-08,6.70412554182e-09,0.00100411052856,8.88963540676e-09,1.99871036687e-08
53819,0.00200452507381,2976241.81669,2.63023705411e-05,2.63105271009e-06,0.404476992394,3.50429625991e-06,7.84393744314e-06,4.8501732795e-21,6.64155624295e-08,6.70376588713e-09,0.00100423000095,8.88990499356e-09,1.99870705406e-08
53820,0.00201571142,2948316.32325,2.62381658797e-05,2.6239912757e-06,0.403570009642,3.49551039078e-06,7.82374165279e-06,4.77756071119e-21,6.64183345004e-08,6.70347430571e-09,0.00100432615571,8.89012269359e-09,1.99870447476e-08
53821,0.0020291089587,2859823.3878,2.61629191984e-05,2.61571968739e-06,0.402506345803,3.48521286841e-06,7.80007864954e-06,4.65373813294e-21,6.64215712576e-08,6.70313355645e-09,0.0010044381664,8.89037504203e-09,1.99870134078e-08
53822,0.00204044448119,2815720.1601,2.62680867723e-05,2.62553837005e-06,0.404225698218,3.4989293067e-06,7.8301667843e-06,4.58144254678e-21,6.64230550942e-08,6.70274060072e-09,0.00100453305097,8.89031347851e-09,1.99864391603e-08
53823,0.00205397063613,2720159.23395,2.61872107659e-05,2.61680136955e-06,0.403049266254,3.48794989572e-06,7.80510455645e-06,4.45002976395e-21,6.64265811297e-08,6.70244681919e-09,0.00100463985402,8.89064509933e-09,1.99865931615e-08
53824,0.00206537993169,2688821.41631,2.6263373675e-05,2.62401834637e-06,0.404230593398,3.49805262597e-06,7.82750492791e-06,4.37085241355e-21,6.64295583131e-08,6.70220947928e-09,0.00100472741891,8.89093422326e-09,1.99867525768e-08
53825,0.00207905777923,2658855.98205,2.61919635519e-05,2.61616761151e-06,0.403219576833,3.48827843355e-06,7.80505348599e-06,4.27549610066e-21,6.64325860601e-08,6.70188736964e-09,0.00100483095385,8.89116670872e-09,1.99867243173e-08
53826,0.00209066519707,2618015.21434,2.61325562931e-05,2.60963373875e-06,0.402378438496,3.48014643547e-06,7.7863728662e-06,4.19205810905e-21,6.64351020745e-08,6.70161898039e-09,0.00100491672298,8.89135948923e-09,1.99867014139e-08
53827,0.00210457904449,2543206.07074,2.60629116558e-05,2.60197644936e-06,0.401391855932,3.47061246219e-06,7.76447668751e-06,4.08636251515e-21,6.64380420694e-08,6.70130505641e-09,0.00100501667868,8.89158337133e-09,1.99866739264e-08
53828,0.00211639036033,2490822.04446,2.60049518713e-05,2.59560460534e-06,0.400570437752,3.46267783736e-06,7.74625633738e-06,4.00836994302e-21,6.6440485813e-08,6.70104339555e-09,0.00100509945762,8.89176908216e-09,1.99866517024e-08
53829,0.00213056555153,2459915.21157,2.59370318325e-05,2.58813094551e-06,0.399608075122,3.45337790998e-06,7.72489563725e-06,3.88204543661e-21,6.64433231462e-08,6.70073923701e-09,0.00100519538384,8.89198295969e-09,1.99866252677e-08
53830,0.00214260372692,2420158.32001,2.58805190519e-05,2.58191158555e-06,0.398807140264,3.44563940627e-06,7.7071217878e-06,3.79977582522e-21,6.64456771787e-08,6.70048636429e-09,0.00100527470458,8.89215978917e-09,1.99866036303e-08
53831,0.00215704499594,2348746.31648,2.58142561474e-05,2.57462233788e-06,0.397867534249,3.4365653216e-06,7.68628571915e-06,3.69482298748e-21,6.64484198386e-08,6.7001914588e-09,0.00100536691955,8.89236434667e-09,1.99865777353e-08
53832,0.00216931598034,2302233.36405,2.58134255765e-05,2.5739433835e-06,0.397931099903,3.43621987004e-06,7.68502763382e-06,3.62806833e-21,6.64503421225e-08,6.69990493685e-09,0.0010054459288,8.89244564836e-09,1.99863725127e-08
53833,0.002184048323,2258133.38022,2.57486790492e-05,2.56681974647e-06,0.397012483991,3.42735185995e-06,7.66466776619e-06,3.5345155973e-21,6.64530067494e-08,6.69961739311e-09,0.0010055349641,8.89264262543e-09,1.99863474396e-08
53834,0.0021965684459,2230060.69818,2.56948114439e-05,2.56089011761e-06,0.396248180675,3.41997314466e-06,7.64772532783e-06,3.44742226815e-21,6.64552103388e-08,6.69937914034e-09,0.00100560840797,8.89280479821e-09,1.99863269256e-08
53835,0.00221160791135,2183710.1988,2.57410086866e-05,2.56477178078e-06,0.39705599276,3.42582652555e-06,7.66021934558e-06,3.36963636735e-21,6.6457089629e-08,6.69901525544e-09,0.00100570038672,8.89281614234e-09,1.99859302239e-08
53836,0.00222439441173,2011129.91835,2.54839688114e-05,2.53944069779e-06,0.393128499525,3.39151892987e-06,7.58384425846e-06,3.11995439947e-21,6.64544271324e-08,6.69917774845e-09,0.00100561496951,8.89256683282e-09,1.99859072159e-08
53837,0.00223975595848,1968820.16639,2.54219993345e-05,2.53265451553e-06,0.392244913713,3.38304433505e-06,7.56441437808e-06,3.04338274488e-21,6.64567889413e-08,6.6989203364e-09,0.00100569273333,8.89274172901e-09,1.99858895024e-08
53838,0.00225281829053,1937147.62347,2.53704340691e-05,2.52700534093e-06,0.391509609612,3.37599194538e-06,7.54824344448e-06,2.98417250386e-21,6.64587514641e-08,6.69870609984e-09,0.00100575711588,8.89288674229e-09,1.99858749301e-08
53839,0.00226851224023,1880752.41888,2.53099657001e-05,2.52038350088e-06,0.390646972467,3.36772166101e-06,7.52928381258e-06,2.90509480435e-21,6.64610415792e-08,6.69845586585e-09,0.00100583204944,8.8930550905e-09,1.99858574804e-08
53840,0.00228186065327,1865012.14858,2.52596673985e-05,2.51487064023e-06,0.389929487377,3.36084134359e-06,7.51350648305e-06,2.85265948381e-21,6.64629471607e-08,6.69824731749e-09,0.00100589415393,8.8931949604e-09,1.99858431634e-08
53841,0.00229791388925,1824075.397,2.52006809192e-05,2.50840471654e-06,0.389087920539,3.35277185967e-06,7.49500215664e-06,2.77688584474e-21,6.64651709238e-08,6.69800373839e-09,0.00100596644363,8.89335737004e-09,1.99858260389e-08
53842,0.00231157650124,1781601.82846,2.51515716977e-05,2.50302326759e-06,0.388386985904,3.34605351544e-06,7.47959866742e-06,2.72494780473e-21,6.64670202405e-08,6.69780092089e-09,0.00100602632775,8.8934921614e-09,1.99858118769e-08
53843,0.00232800673107,1722298.16535,2.50717632266e-05,2.49458087044e-06,0.387201382084,3.33527542991e-06,7.45514735991e-06,2.64686069824e-21,6.64695103658e-08,6.69760922082e-09,0.00100609194789,8.8937373804e-09,1.99859830381e-08
53844,0.00234199653227,1687411.36965,2.50238240076e-05,2.48933200859e-06,0.386516510528,3.32871715311e-06,7.44011658662e-06,2.59982928804e-21,6.64713027066e-08,6.69741218229e-09,0.00100614955803,8.89386731485e-09,1.99859693277e-08
53845,0.00235882255688,1654483.30622,2.49676306796e-05,2.48317761675e-06,0.385713634079,3.32102884905e-06,7.4224949314e-06,2.53304296102e-21,6.64733960804e-08,6.69718182406e-09,0.00100621664323,8.89401848287e-09,1.99859531622e-08
53846,0.00237908317715,1615195.12979,2.49020576255e-05,2.47599257329e-06,0.384776664839,3.31205591777e-06,7.40192641104e-06,2.45971929119e-21,6.64758325463e-08,6.69691342996e-09,0.00100629438403,8.89419373273e-09,1.99859342037e-08
53847,0.002396171956,1589284.80394,2.48482749456e-05,2.47009609569e-06,0.384008117939,3.30469542768e-06,7.38505123264e-06,2.38469968097e-21,6.64778142484e-08,6.69669489056e-09,0.00100635744778,8.89433550474e-09,1.99859187147e-08
53848,0.00241675343329,1539293.98021,2.47854943918e-05,2.46321446658e-06,0.383110722153,3.29610281753e-06,7.36535358516e-06,2.31305883485e-21,6.64801181016e-08,6.69644061907e-09,0.00100643046913,8.89449952777e-09,1.99859004406e-08
53849,0.00243430577506,1515473.43179,2.47334562399e-05,2.45750662811e-06,0.3823668493,3.28897942344e-06,7.34902077074e-06,2.24703280288e-21,6.64820157716e-08,6.69623096893e-09,0.0010064904335,8.89463399401e-09,1.99858853233e-08
53850,0.00245545459514,1474635.53165,2.46727205233e-05,2.45084373007e-06,0.381498509872,3.28066439295e-06,7.3299554984e-06,2.17951940521e-21,6.64842223888e-08,6.69598699398e-09,0.00100655990735,8.89478963376e-09,1.99858675006e-08
53851,0.00248097149222,1436929.38092,2.47105303383e-05,2.45413597123e-06,0.382096437933,3.28560641067e-06,7.34073530015e-06,2.11136106663e-21,6.64870838788e-08,6.69575173075e-09,0.00100663475819,8.89505656495e-09,1.99860342455e-08
53852,0.00251036166642,1382657.6293,2.46324865841e-05,2.4455701551e-06,0.380979975054,3.2749190836e-06,7.31622744717e-06,2.03061300487e-21,6.6489898122e-08,6.69543994107e-09,0.00100672225713,8.89525379315e-09,1.99860113652e-08
53853,0.0025397642871,1339677.4736,2.45578116748e-05,2.437369268e-06,0.379911596128,3.26469085188e-06,7.29276881683e-06,1.96318569958e-21,6.64925944521e-08,6.69514090105e-09,0.00100680550084,8.89544234873e-09,1.99859895821e-08
53854,0.00256929990607,1313975.01528,2.46978020397e-05,2.45033477398e-06,0.382199777938,3.28289785135e-06,7.33266956678e-06,1.91404777052e-21,6.64940847702e-08,6.69464622633e-09,0.00100690983446,8.89528047001e-09,1.99852107454e-08
53855,0.00259901289119,1260402.41517,2.45425875875e-05,2.43430410808e-06,0.379851663934,3.26205824026e-06,7.28567143887e-06,1.83102644946e-21,6.64971403838e-08,6.69447247103e-09,0.00100697356125,8.89562661788e-09,1.99855719725e-08
53856,0.00263234938742,1205934.83958,2.4398085825e-05,2.41918822219e-06,0.377698708143,3.24255314319e-06,7.24150786158e-06,1.74167973938e-21,6.64998380837e-08,6.69425442893e-09,0.00100704216168,8.89587064383e-09,1.99857381349e-08
53857,0.00266574894935,1161946.94987,2.43275577326e-05,2.41143003984e-06,0.376689416266,3.23288408902e-06,7.21932465181e-06,1.66686289587e-21,6.65023396152e-08,6.69397606224e-09,0.00100711786182,8.89604184083e-09,1.99857173013e-08
53858,0.0026993119268,1119352.51507,2.42600347907e-05,2.40399926972e-06,0.375723123795,3.22362472305e-06,7.19807952318e-06,1.59398410991e-21,6.65047186591e-08,6.69371114274e-09,0.00100718956809,8.89620361522e-09,1.99856972714e-08
53859,0.0027331453035,1078714.50209,2.41951958039e-05,2.39686049415e-06,0.374795282813,3.2147310483e-06,7.17767139162e-06,1.52740775435e-21,6.65069919812e-08,6.69345784355e-09,0.00100725776663,8.89635733842e-09,1.99856780047e-08
53860,0.00276734105255,1039367.29627,2.41327811249e-05,2.38998524897e-06,0.373902224538,3.20616750892e-06,7.15801875146e-06,1.46058909052e-21,6.65091660259e-08,6.69321546938e-09,0.00100732275263,8.89650337036e-09,1.99856593665e-08
53861,0.00280625357456,998091.785676,2.40654849659e-05,2.38256716024e-06,0.372939511344,3.19693098802e-06,7.13681819783e-06,1.39813405865e-21,6.65115065224e-08,6.69295440928e-09,0.00100739224448,8.89665988148e-09,1.9985639326e-08
53862,0.00284533303286,958446.543897,2.40014555468e-05,2.37550477323e-06,0.372023718561,3.18813987167e-06,7.11663709916e-06,1.33953976818e-21,6.65137295942e-08,6.69270633324e-09,0.00100745781376,8.89680793248e-09,1.99856203474e-08
53863,0.00288471593923,919625.922997,2.39403209422e-05,2.36875750431e-06,0.371149582865,3.17974328662e-06,7.0973590624e-06,1.28282109609e-21,6.65158480382e-08,6.69246982221e-09,0.00100751991092,8.89694841467e-09,1.99856023194e-08
53864,0.00292453727455,888044.721449,2.39833663827e-05,2.37224577411e-06,0.371908906273,3.18513083976e-06,7.10876593518e-06,1.23197871309e-21,6.65174620457e-08,6.6921245848e-09,0.00100759567367,8.89691989201e-09,1.99852047862e-08
53865,0.00296896869396,850551.542586,2.39217136862e-05,2.36542701071e-06,0.371028390927,3.17665490591e-06,7.08929609439e-06,1.17912538899e-21,6.6519602939e-08,6.69188536939e-09,0.00100765765826,8.89706051068e-09,1.9985186668e-08
53866,0.00301370872149,813892.639634,2.38632195086e-05,2.35895173059e-06,0.370193476285,3.16860940398e-06,7.07081118387e-06,1.12765720994e-21,6.6521635051e-08,6.69165824061e-09,0.00100771606974,8.89719343576e-09,1.99851695896e-08
53867,0.00305891511677,779322.084861,2.38775974669e-05,2.3598409626e-06,0.370456656567,3.17033507931e-06,7.07429135631e-06,1.07761093546e-21,6.65236054544e-08,6.69143803683e-09,0.00100777171908,8.89732316392e-09,1.99851539271e-08
53868,0.00310471251686,746705.538305,2.38242562499e-05,2.35392557655e-06,0.36969627095,3.16299128788e-06,7.05741169345e-06,1.03194298753e-21,6.65254554134e-08,6.69123117268e-09,0.00100782418708,8.89744310341e-09,1.99851385451e-08
53869,0.00315589208423,712290.13827,2.37684099251e-05,2.34772414969e-06,0.368901014084,3.15529758955e-06,7.03972225449e-06,9.84274017085e-22,6.65273980717e-08,6.69101390939e-09,0.00100787886845,8.89756847959e-09,1.99851225088e-08
53870,0.00320756857357,675899.786631,2.37335355551e-05,2.34396317751e-06,0.36835589837,3.15061058035e-06,7.02911271543e-06,9.33352083076e-22,6.65296135921e-08,6.69093123075e-09,0.00100791184713,8.89784807014e-09,1.99854889228e-08
53871,0.00325991523941,644018.587171,2.36998774444e-05,2.34019589564e-06,0.367859890844,3.14599801331e-06,7.01853161149e-06,8.89591965227e-22,6.65315382028e-08,6.69079774077e-09,0.00100795090953,8.89803924435e-09,1.99856637448e-08
