# Model #, volume (Rsun^3),[Density: Neutron-1,Zr-94,Zr-96,Mg-25,Xe-128,Xe-130],[Massf: Neutron-1,Zr-94,Zr-96,Mg-25,Xe-128,Xe-130]
53621,0.000225658948781,421998353.583,0.000291448896927,2.89562999887e-05,3.39930429151,4.14405540979e-05,9.41684580061e-05,2.79557666161e-19,6.37798295413e-08,6.34861693576e-09,0.000779131393436,8.94819679572e-09,2.06087799362e-08
53622,0.000229898428586,469067443.581,0.000291901484036,2.90025402798e-05,3.40402159302,4.15141621329e-05,9.4306314128e-05,3.22419090117e-19,6.38033653584e-08,6.35112181711e-09,0.000780182061782,8.95454816159e-09,2.06133331035e-08
53623,0.000234025014156,520734922.028,0.000286110509914,2.84288454362e-05,3.33840732716,4.06920167372e-05,9.24278597516e-05,3.47079541753e-19,6.38197018711e-08,6.35313655136e-09,0.000781772751334,8.95752829172e-09,2.06151844046e-08
53624,0.000238075891199,516166770.02,0.000290655319801,2.88808696552e-05,3.38695265463,4.13591545995e-05,9.38867322596e-05,3.45498773783e-19,6.38460877206e-08,6.35584592079e-09,0.00078223864582,8.96551236196e-09,2.06199757418e-08
53625,0.000242076054208,565012354.468,0.000283148255416,2.8135920894e-05,3.30191143967,4.02900586707e-05,9.14556580167e-05,3.65206336775e-19,6.38613282547e-08,6.35771822295e-09,0.000783841745829,8.96775279312e-09,2.06210307868e-08
53626,0.0002460519218,553879387.489,0.000283913685488,2.82131372709e-05,3.31019068847,4.04071483403e-05,9.16956250385e-05,3.61600369831e-19,6.3879986303e-08,6.3598187523e-09,0.000784698446705,8.97252909047e-09,2.06230074158e-08
53627,0.00024997937772,526290780.593,0.000280108150947,2.78363245259e-05,3.26669072536,3.98683282619e-05,9.04593682743e-05,3.52633653543e-19,6.38954726948e-08,6.36181739934e-09,0.000786066035504,8.97492989306e-09,2.06236390604e-08
53628,0.000253931188707,523020814.849,0.000278840831522,2.77111276518e-05,3.25212348308,3.96924365071e-05,9.00438269179e-05,3.50088845083e-19,6.39164999148e-08,6.36412408111e-09,0.000786900950841,8.97964269359e-09,2.06261914671e-08
53629,0.000257845189173,527875368.655,0.000279611279223,2.77888420227e-05,3.26012224396,3.98093028147e-05,9.02849826315e-05,3.5211647915e-19,6.39427998389e-08,6.36701260449e-09,0.000787706423254,8.98512314841e-09,2.06300962543e-08
53630,0.000262499077628,532936111.17,0.000276983026223,2.75291119974e-05,3.2306180007,3.94367205794e-05,8.94276888739e-05,3.58106641451e-19,6.39650944616e-08,6.36962948342e-09,0.000788779856306,8.98926218502e-09,2.06315472943e-08
53631,0.000267043854558,551025355.363,0.000278860849528,2.77172977891e-05,3.25181534804,3.97101071557e-05,9.00247386902e-05,3.6280624616e-19,6.39918273242e-08,6.3726582117e-09,0.000789590531482,8.99460430816e-09,2.0634439818e-08
53632,0.000271509917381,464724428.592,0.000276037526658,2.7436156535e-05,3.21410977561,3.93247915691e-05,8.91089276679e-05,3.30031119211e-19,6.40088167879e-08,6.37458365672e-09,0.000789986176892,8.99914464508e-09,2.06345820559e-08
53633,0.000275922694305,473355804.065,0.00027233879184,2.70700315671e-05,3.17252316021,3.87976038121e-05,8.79078166354e-05,3.33725447717e-19,6.40252471041e-08,6.37671916619e-09,0.000791313801359,9.00086802858e-09,2.06340565166e-08
53634,0.000280267252705,511489753.919,0.000270209787455,2.68616092303e-05,3.15009128461,3.84915418087e-05,8.72110789088e-05,3.46609011116e-19,6.40469413084e-08,6.37955427489e-09,0.00079289374723,9.00261853731e-09,2.0634638059e-08
53635,0.000284608326143,508945461.062,0.000271133708055,2.69562414109e-05,3.1608601719,3.86264429443e-05,8.75008859147e-05,3.47979979331e-19,6.40682349695e-08,6.38233174628e-09,0.000794239034135,9.00483605155e-09,2.06352161287e-08
53636,0.000288910879379,514630305.918,0.000267178274201,2.65648677965e-05,3.11630833101,3.80616865808e-05,8.6216573765e-05,3.51199784687e-19,6.40842110602e-08,6.38453466413e-09,0.00079579640333,9.00538485383e-09,2.06338755224e-08
53637,0.000296886988442,510465691.751,0.000267067789832,2.65560167979e-05,3.11501334243,3.80485171405e-05,8.61730109768e-05,3.39335486635e-19,6.4193418114e-08,6.39533969886e-09,0.000797749581458,9.02215221194e-09,2.06642359358e-08
53638,0.000301942639622,486305160.285,0.000269196834907,2.67680743136e-05,3.1378362178,3.83610407127e-05,8.68593088909e-05,3.36070708792e-19,6.42171570437e-08,6.39766195378e-09,0.000797847442346,9.02807945348e-09,2.06672947521e-08
53639,0.000306885614827,481380800.362,0.0002641166409,2.62653291617e-05,3.07982638296,3.76361880878e-05,8.52114049797e-05,3.34215905963e-19,6.42345147139e-08,6.40008030806e-09,0.000799429942388,9.02853983664e-09,2.06653051214e-08
53640,0.000311780761615,497867881.623,0.000263140336268,2.61699838366e-05,3.06947398895,3.74967840818e-05,8.48897839482e-05,3.39163135895e-19,6.42567484078e-08,6.40263363733e-09,0.000800417034455,9.03126381277e-09,2.06661390379e-08
53641,0.000316605817483,454537905.295,0.00025983233662,2.58419551641e-05,3.0308201,3.70282870701e-05,8.38191125112e-05,3.20640580354e-19,6.42729901918e-08,6.40451557689e-09,0.000801287755671,9.03326378852e-09,2.06653661261e-08
53642,0.000321371471338,443415101.44,0.000257307448379,2.55937010648e-05,3.00239550952,3.66691381008e-05,8.29992957857e-05,3.17361675661e-19,6.42901508121e-08,6.40678366497e-09,0.000802955479066,9.03340959192e-09,2.06638180894e-08
53643,0.000326104901899,445133125.174,0.000259595840312,2.58250087386e-05,3.02828087008,3.69993605914e-05,8.37317500856e-05,3.1676492819e-19,6.43132649022e-08,6.40950270524e-09,0.000803266920836,9.03755295928e-09,2.06655059832e-08
53644,0.000331729414648,459233723.004,0.000254325557791,2.53045806862e-05,2.97075579867,3.62405677292e-05,8.20203040405e-05,3.26946929453e-19,6.43363266347e-08,6.41253384823e-09,0.00080531279653,9.03741019366e-09,2.06638239947e-08
53645,0.000337224578204,447464076.194,0.000250670898425,2.49451185469e-05,2.93027806438,3.57177603793e-05,8.08338743432e-05,3.23645848547e-19,6.43572105158e-08,6.41521113395e-09,0.000806775823601,9.03852976229e-09,2.06625849849e-08
53646,0.000342621815247,448837217.259,0.0002494660837,2.48298393984e-05,2.91675422377,3.55469391603e-05,8.04366761365e-05,3.21310236418e-19,6.43784599835e-08,6.41800880118e-09,0.00080763730937,9.04086710408e-09,2.06617779675e-08
53647,0.000347927044856,446389418.851,0.000244620343401,2.43506079573e-05,2.86271632771,3.4852138779e-05,7.8865703568e-05,3.20487359778e-19,6.43992376386e-08,6.42064984694e-09,0.000809359047915,9.04103068517e-09,2.06601863446e-08
53648,0.000353178367366,430156037.314,0.000236942232366,2.35860978071e-05,2.7759746254,3.37522674526e-05,7.63834334479e-05,3.12144726196e-19,6.44160370228e-08,6.42233175339e-09,0.000810539635086,9.04181543421e-09,2.06587153741e-08
53649,0.00035835698544,437493576.508,0.000225333537759,2.24330521101e-05,2.64654111888,3.20840857132e-05,7.2625677371e-05,3.17553774038e-19,6.44337658238e-08,6.42482683493e-09,0.000813641775445,9.03796840704e-09,2.0653271274e-08
53650,0.000363506272453,461470780.506,0.00021420214146,2.13295593895e-05,2.5244271135,3.04794111849e-05,6.90159961164e-05,3.31191977246e-19,6.44520666198e-08,6.42781061344e-09,0.000817306695327,9.03269265912e-09,2.06460888001e-08
53651,0.000369626572492,487043994.264,0.00020215117999,2.01311297861e-05,2.39066799469,2.87426536995e-05,6.51087903072e-05,3.4524157977e-19,6.44762601036e-08,6.43105299142e-09,0.000820523042573,9.02894195926e-09,2.06401412888e-08
53652,0.000375606218129,445430223.745,0.000192921916063,1.92107335803e-05,2.28654681414,2.74208199182e-05,6.21244708053e-05,3.30662895331e-19,6.44911995089e-08,6.43239719246e-09,0.000822955968058,9.02666206439e-09,2.06342405678e-08
53653,0.000381458757182,440661544.105,0.00018139487927,1.80616176161e-05,2.15787180583,2.57638554863e-05,5.83938057269e-05,3.28635047903e-19,6.45107592048e-08,6.43427057218e-09,0.000826102815901,9.0229140038e-09,2.06280188747e-08
53654,0.00038722863727,438551840.442,0.000173091060353,1.72358792615e-05,2.06506903805,2.45701351047e-05,5.56993747783e-05,3.28596392065e-19,6.45280854253e-08,6.43647146007e-09,0.000828813506763,9.01968418899e-09,2.06203014705e-08
53655,0.00039291709928,451823693.999,0.000162383191704,1.61692677427e-05,1.94712645856,2.30276427821e-05,5.22296123317e-05,3.37432135162e-19,6.45461424633e-08,6.43833713205e-09,0.000832903828896,9.01347381432e-09,2.06110534281e-08
53656,0.000398552309847,467282563.152,0.000154541029144,1.53899057866e-05,1.86070971375,2.18967292154e-05,4.96830076349e-05,3.45980361863e-19,6.45690918861e-08,6.44102631136e-09,0.000836023496431,9.00995611932e-09,2.0604481692e-08
53657,0.00040413427706,467520694.092,0.000143719227895,1.43134003739e-05,1.73968674275,2.0339112662e-05,4.61753171567e-05,3.50544355634e-19,6.45918900658e-08,6.44390203346e-09,0.000840122501615,9.00376112665e-09,2.05951021664e-08
53658,0.000410792348022,478452043.056,0.000136561204265,1.36033390742e-05,1.66118852575,1.93046427025e-05,4.38453274134e-05,3.58936056585e-19,6.46212064655e-08,6.44756240732e-09,0.000843465231278,9.00042222868e-09,2.05879848621e-08
53659,0.000417275718694,442187964.526,0.000132114072169,1.31573164678e-05,1.6109022362,1.86696014062e-05,4.24073067161e-05,3.43027794842e-19,6.46434403143e-08,6.44858939939e-09,0.000845585517712,9.00003526092e-09,2.05842370668e-08
53660,0.00042363158308,440809994.056,0.000125859908757,1.25354808066e-05,1.54192763944,1.77697401509e-05,4.03731208949e-05,3.40933499843e-19,6.46623868007e-08,6.45041566349e-09,0.000849156323704,8.99523593013e-09,2.05733313653e-08
53661,0.000429881191602,402507896.439,0.000118302664119,1.1779220422e-05,1.45783164389,1.66857928147e-05,3.7927354332e-05,3.29372908036e-19,6.46831213757e-08,6.45115217449e-09,0.000853092582753,8.99039615431e-09,2.05641736248e-08
53662,0.000436046696218,419921097.05,0.000115775609177,1.15277576894e-05,1.43118753375,1.63182672096e-05,3.70987149064e-05,3.36411904915e-19,6.47098968577e-08,6.45330272418e-09,0.000855153097668,8.98996711157e-09,2.05605977696e-08
53663,0.000442144708568,400450512.453,0.000111221742085,1.10748889052e-05,1.38012717861,1.56652377367e-05,3.56162299703e-05,3.28373825179e-19,6.47305604229e-08,6.45499455473e-09,0.000858117544957,8.98686721218e-09,2.05513924154e-08
53664,0.000448201331677,398960944.549,0.000108855804245,1.08398912865e-05,1.35291258122,1.53262003541e-05,3.48467205185e-05,3.25061704955e-19,6.47566331163e-08,6.45713279458e-09,0.000859717056649,8.98732532508e-09,2.05489500761e-08
53665,0.000455401904518,412866239.315,0.000104437539406,1.04012258389e-05,1.30616351208,1.46843725487e-05,3.34027621822e-05,3.34569949017e-19,6.47901916501e-08,6.46009524022e-09,0.000863267862787,8.98439528942e-09,2.05421791138e-08
53666,0.000462409020613,423554740.289,9.81952517403e-05,9.78375428829e-06,1.23879226728,1.37792431777e-05,3.13613133815e-05,3.41322360964e-19,6.48236649289e-08,6.46391071149e-09,0.000867989636079,8.97825817234e-09,2.05295926682e-08
53667,0.000469266409525,404216173.595,9.51508474892e-05,9.48149426445e-06,1.2041430781,1.33435414821e-05,3.03721555826e-05,3.30373165529e-19,6.48523326634e-08,6.46616521534e-09,0.000870394129521,8.97750583116e-09,2.05247673378e-08
53668,0.000476005037328,421402630.524,9.30665520475e-05,9.27781669522e-06,1.1824645741,1.30385747416e-05,2.96832116676e-05,3.37693739494e-19,6.4886112466e-08,6.46976791257e-09,0.000872787987642,8.97704354108e-09,2.05208643578e-08
53669,0.000482649687169,413250484.849,9.04306099379e-05,9.01416731523e-06,1.15284234157,1.2661521767e-05,2.88266547265e-05,3.32962084924e-19,6.49089560572e-08,6.47076575702e-09,0.000875025551166,8.97599709836e-09,2.05151124686e-08
53670,0.000489232444283,423360481.216,8.65500637197e-05,8.63477363235e-06,1.11250440026,1.20940396676e-05,2.75455334761e-05,3.39444660098e-19,6.49407761932e-08,6.47509969767e-09,0.000879078656081,8.97097823967e-09,2.05032873979e-08
53671,0.000495769040269,429170965.795,8.43550385914e-05,8.41859373068e-06,1.08959220309,1.17742202042e-05,2.68228011664e-05,3.41515318372e-19,6.49724633954e-08,6.47805938724e-09,0.000881708866254,8.96989790807e-09,2.04984840191e-08
53672,0.00050350985453,371434796.778,8.01543827159e-05,7.99937843785e-06,1.04166571671,1.11723834493e-05,2.54552039296e-05,3.17573229538e-19,6.50018228342e-08,6.47959750983e-09,0.000885250887566,8.96625712338e-09,2.04872768506e-08
53673,0.00051109801803,362893508.169,7.69754935156e-05,7.67826933319e-06,1.00679577289,1.07159790663e-05,2.44216072649e-05,3.12368181083e-19,6.50252083182e-08,6.47926881768e-09,0.000888359038669,8.96335931658e-09,2.04780640641e-08
53674,0.000518519380326,374938662.317,7.59199726655e-05,7.57314661609e-06,0.996171738214,1.05609938313e-05,2.40693835925e-05,3.15650677636e-19,6.5057999801e-08,6.48127738634e-09,0.000890405538538,8.96377551391e-09,2.04749088771e-08
53675,0.000525813171312,365310847.699,7.44174318931e-05,7.42148682102e-06,0.981042003448,1.03413469704e-05,2.35722408887e-05,3.10509305964e-19,6.50911257618e-08,6.4826569063e-09,0.000892866834085,8.96353549066e-09,2.04710118623e-08
53676,0.000533003540435,365100363.718,7.31287678465e-05,7.29234294518e-06,0.967020424203,1.01556501467e-05,2.31484530456e-05,3.08805864357e-19,6.51186649965e-08,6.48378040284e-09,0.000894850524957,8.96352442682e-09,2.04667904566e-08
53677,0.000540107923971,368722923.503,7.14038953432e-05,7.12484575942e-06,0.94895248853,9.9035324976e-06,2.25745493628e-05,3.1010582397e-19,6.51514912076e-08,6.48698504114e-09,0.000897481251274,8.962326465e-09,2.04603888429e-08
53678,0.000547143552678,374412267.608,6.97188414672e-05,6.96305319438e-06,0.931783793986,9.65500871358e-06,2.20088161342e-05,3.13032493e-19,6.51874358859e-08,6.49102611243e-09,0.000900298968574,8.96090134232e-09,2.04536020012e-08
53679,0.000555515747948,340466714.566,6.73513748766e-05,6.72486076516e-06,0.903410871332,9.32003883794e-06,2.1245379983e-05,2.96625330537e-19,6.5218389403e-08,6.49168637572e-09,0.000902648847439,8.96062576986e-09,2.04485819178e-08
53680,0.000563666046792,316270653.08,6.58424030428e-05,6.56393636127e-06,0.885885423796,9.10767215643e-06,2.07603220094e-05,2.81831444523e-19,6.52328729194e-08,6.48776460866e-09,0.000904517047856,8.959452394e-09,2.04413581927e-08
53681,0.000571626389675,321788085.319,6.41977647252e-05,6.40500358112e-06,0.869418272388,8.86419875174e-06,2.02062282836e-05,2.83921994049e-19,6.52726917955e-08,6.49149838811e-09,0.000907571933215,8.95804966945e-09,2.04342483148e-08
53682,0.000579427976622,316465208.57,6.29532499445e-05,6.2825182902e-06,0.856126285101,8.68295002533e-06,1.97905242152e-05,2.81683705926e-19,6.53072310497e-08,6.49380821841e-09,0.000909925968178,8.9578796385e-09,2.04290424702e-08
53683,0.000587096933387,294001536.437,6.11337151164e-05,6.10117150866e-06,0.83472255108,8.42409052948e-06,1.91972574923e-05,2.69097404242e-19,6.53328520653e-08,6.49458548947e-09,0.00091216088875,8.95681584762e-09,2.04216539485e-08
53684,0.000594662272028,299379583.128,5.98772288937e-05,5.98096748712e-06,0.822863272691,8.23561436175e-06,1.87670681209e-05,2.71642345416e-19,6.53673580281e-08,6.49788201398e-09,0.00091495115057,8.95505664768e-09,2.04135092775e-08
53685,0.000602129823831,275554013.725,5.85559610308e-05,5.83924389098e-06,0.806058133479,8.05249590786e-06,1.83483019945e-05,2.57885148709e-19,6.53839790941e-08,6.49428464332e-09,0.000916334331067,8.95512170803e-09,2.0409433493e-08
53686,0.000610970988971,277036279.87,5.79185525435e-05,5.78215427942e-06,0.800256665589,7.95525895435e-06,1.81222995976e-05,2.59608829365e-19,6.54243652537e-08,6.49824863666e-09,0.000918598279805,8.95561070016e-09,2.04048171074e-08
53687,0.000619557198087,284104291.688,5.75791081404e-05,5.75594387729e-06,0.7984719259,7.89902183743e-06,1.79891636259e-05,2.6192326312e-19,6.5462578469e-08,6.50259917378e-09,0.000920757675016,8.95589114302e-09,2.03996966689e-08
53688,0.000627948466034,246217486.724,5.49382868501e-05,5.48901998951e-06,0.765935368964,7.5288371867e-06,1.71404520474e-05,2.39400741713e-19,6.54735770162e-08,6.49984932665e-09,0.00092312376182,8.95274259736e-09,2.0386762104e-08
53689,0.000636166018882,241982433.314,5.3937592168e-05,5.39173145622e-06,0.755265784012,7.3819774018e-06,1.680236369e-05,2.35822683095e-19,6.55054575774e-08,6.50182452866e-09,0.000925310300391,8.9522059342e-09,2.03804963615e-08
53690,0.000644273523942,229609397.623,5.3052300563e-05,5.28990325906e-06,0.743763870742,7.25984710338e-06,1.65227511486e-05,2.27513309895e-19,6.5522788569e-08,6.49707683977e-09,0.000926529118961,8.9524905351e-09,2.03768532208e-08
53691,0.000652284534054,226377538.401,5.23861987801e-05,5.22980989699e-06,0.737361692154,7.15950029787e-06,1.62883637259e-05,2.24649506729e-19,6.55522966859e-08,6.50001750946e-09,0.000928556976453,8.95179376621e-09,2.03696531538e-08
53692,0.000660202442366,226812262.926,5.19430041957e-05,5.19060090557e-06,0.733020469294,7.09261058181e-06,1.61308608106e-05,2.23536534101e-19,6.5583567636e-08,6.50280904742e-09,0.000930251421065,8.95233939199e-09,2.03655848161e-08
53693,0.000668041899188,226717998.964,5.15109027439e-05,5.15035107496e-06,0.728650442271,7.02800331602e-06,1.5978896029e-05,2.22223488809e-19,6.56127164484e-08,6.50476597797e-09,0.000931849275368,8.95285162154e-09,2.0361610927e-08
53694,0.00067732245223,209729853.759,5.048676336e-05,5.04247127927e-06,0.71549239938,6.88489330208e-06,1.56490677227e-05,2.1289422734e-19,6.56395699771e-08,6.50296742526e-09,0.000933402628838,8.95348664125e-09,2.03576548453e-08
53695,0.000686347601842,209998631.555,5.00264900707e-05,5.00107399819e-06,0.710894312068,6.81572631432e-06,1.54855737718e-05,2.1128901997e-19,6.56734466967e-08,6.50576247087e-09,0.000935219676588,8.95407906701e-09,2.03530862566e-08
53696,0.000695150096861,187985613.704,4.89664703269e-05,4.88221738516e-06,0.69701913446,6.67063067159e-06,1.51536963443e-05,1.97252335761e-19,6.56795636635e-08,6.49941017643e-09,0.000936368201885,8.95299585926e-09,2.03463122957e-08
53697,0.000703781297225,177817603.767,4.82718941887e-05,4.81529195629e-06,0.689032719192,6.57107866835e-06,1.49212927569e-05,1.90197349982e-19,6.5703011748e-08,6.50031074746e-09,0.000937992901918,8.95277837608e-09,2.03401744207e-08
53698,0.000712254533531,174720974.483,4.7884205031e-05,4.78306399047e-06,0.685014401933,6.51337302051e-06,1.47840397851e-05,1.8686971686e-19,6.57333723983e-08,6.50334252688e-09,0.000939548424063,8.95360024272e-09,2.0336532247e-08
53699,0.000720596626952,171790468.384,4.75133369853e-05,4.75336283344e-06,0.681226998782,6.45797975989e-06,1.46520305615e-05,1.83672183805e-19,6.57634858441e-08,6.50673076682e-09,0.000941082363212,8.9544369537e-09,2.03329958056e-08
53700,0.000728827118975,146380902.877,4.65310009102e-05,4.63805715051e-06,0.667146267661,6.32625250556e-06,1.4351958893e-05,1.68584800555e-19,6.57728084459e-08,6.49965145488e-09,0.000941806013107,8.95479353039e-09,2.0330025343e-08
53701,0.000736953809755,142610011.785,4.65864320999e-05,4.6372014465e-06,0.668642898741,6.33257230265e-06,1.43634602139e-05,1.66612040191e-19,6.57906736025e-08,6.49756603341e-09,0.000942874704664,8.95521964306e-09,2.03266721643e-08
53702,0.000744977020042,141215522.072,4.62384682678e-05,4.60158571895e-06,0.664593198724,6.28266555172e-06,1.42460902742e-05,1.64384281884e-19,6.58132445235e-08,6.49745882563e-09,0.000944071771091,8.95592891515e-09,2.03236770998e-08
53703,0.000752914141712,139377093.476,4.59089747411e-05,4.57136156218e-06,0.660932345704,6.23465685123e-06,1.41322466753e-05,1.61915123785e-19,6.58378741644e-08,6.49871928628e-09,0.000945325722729,8.95675054291e-09,2.03207598448e-08
53704,0.000762304334256,134585943.682,4.5531669051e-05,4.53892699944e-06,0.656837888867,6.17929153421e-06,1.40005290528e-05,1.58828455952e-19,6.58679961886e-08,6.5010374613e-09,0.000946834628343,8.95775516009e-09,2.03173972114e-08
53705,0.000771419887666,132329843.765,4.51746651634e-05,4.5090609732e-06,0.652989526907,6.12684076746e-06,1.38756636993e-05,1.55756460072e-19,6.5897216815e-08,6.50358380306e-09,0.000948290216399,8.95876174578e-09,2.03142454775e-08
53706,0.000780297919808,104273876.629,4.35972213511e-05,4.31391245846e-06,0.628777016815,5.92173931502e-06,1.34184550275e-05,1.36688615672e-19,6.58732932198e-08,6.48454189414e-09,0.000947953483875,8.95742765094e-09,2.03108448595e-08
53707,0.000789022779079,103313445.964,4.34583392268e-05,4.29847576404e-06,0.627495051381,5.90093885453e-06,1.33677274245e-05,1.34524698671e-19,6.58934542578e-08,6.48377874672e-09,0.000949047613237,8.95795340231e-09,2.03075624723e-08
53708,0.000797583767387,101345227.312,4.31423446249e-05,4.26805828146e-06,0.623740279236,5.85568771764e-06,1.32611068015e-05,1.31771228771e-19,6.59165099842e-08,6.48399976483e-09,0.000950188667594,8.95884351039e-09,2.03050916338e-08
53709,0.000806003506431,98495564.9275,4.28377822018e-05,4.23949963554e-06,0.620097831104,5.81222818491e-06,1.31585902281e-05,1.28528345508e-19,6.59387689049e-08,6.48442135814e-09,0.000951281057999,8.95975969522e-09,2.03028066562e-08
53710,0.000814309746003,95852021.8488,4.2543990139e-05,4.21209566143e-06,0.616633487753,5.77007906424e-06,1.30591805697e-05,1.25528618623e-19,6.59608243097e-08,6.48491173042e-09,0.000952361122842,8.96065366309e-09,2.03005847973e-08
53711,0.000824135294842,90716875.2611,4.22032756002e-05,4.18038517043e-06,0.612616869157,5.7211871281e-06,1.29439841201e-05,1.22008631704e-19,6.59865322451e-08,6.48551686916e-09,0.000953617412059,8.96168058829e-09,2.02980485479e-08
53712,0.000833668737306,88052915.1973,4.1879190108e-05,4.15027058643e-06,0.608788863717,5.67471894224e-06,1.28346051133e-05,1.18631852916e-19,6.60109768966e-08,6.48611369934e-09,0.000954809674226,8.96267928465e-09,2.02956927613e-08
53713,0.000842962935969,84782829.9493,4.16627315402e-05,4.13080580771e-06,0.606483746929,5.64297226084e-06,1.27587787075e-05,1.15517144601e-19,6.60334525986e-08,6.48667923466e-09,0.000955937121563,8.96350426813e-09,2.02931331754e-08
53714,0.00085204862159,82092673.4768,4.15113664609e-05,4.11711848372e-06,0.605048551507,5.62034827795e-06,1.2704052816e-05,1.12450725391e-19,6.60577501772e-08,6.48724207067e-09,0.000957052868963,8.96474868864e-09,2.02917746821e-08
53715,0.000860972440571,73089573.4408,4.09345772062e-05,4.0435155754e-06,0.596082771246,5.54558503104e-06,1.25377471576e-05,1.05183616997e-19,6.60525508185e-08,6.47741249138e-09,0.000957146823797,8.96435605888e-09,2.02895055533e-08
53716,0.000869723680538,70876773.2782,4.06559931993e-05,4.01667886833e-06,0.592669520396,5.50604211705e-06,1.24452324488e-05,1.02458708575e-19,6.60724364133e-08,6.47735266225e-09,0.00095810656464,8.9652305024e-09,2.02877062683e-08
53717,0.00087833518502,68741106.0568,4.03865144036e-05,3.99069699204e-06,0.589361530305,5.46782019284e-06,1.23558728815e-05,9.98012396052e-20,6.60916282985e-08,6.47727904634e-09,0.000959031429435,8.96608350674e-09,2.02860015317e-08
53718,0.000886824165094,66687115.1143,4.01251859873e-05,3.96547136475e-06,0.586146898523,5.43078356459e-06,1.22693479408e-05,9.72746963319e-20,6.61102189019e-08,6.47718523628e-09,0.000959926039126,8.96691765022e-09,2.02843788316e-08
53719,0.0008952073747,66068751.2056,4.10083923088e-05,4.05091196073e-06,0.599455433502,5.54945297822e-06,1.2535580951e-05,9.58161564969e-20,6.61338946156e-08,6.47713397573e-09,0.000960865544942,8.96862602399e-09,2.02849408617e-08
53720,0.000905115761044,61660449.7413,4.04701108845e-05,3.99867258796e-06,0.592295558181,5.47462886878e-06,1.23632592642e-05,9.24110366898e-20,6.6153826406e-08,6.47693407831e-09,0.000961854112954,8.96941852002e-09,2.02828350111e-08
53721,0.000914717544422,59793026.3332,4.01840836589e-05,3.97081669116e-06,0.588746367228,5.43420838027e-06,1.2269054411e-05,8.98266569515e-20,6.61736226664e-08,6.47671200868e-09,0.000962802395224,8.9703210238e-09,2.02811951055e-08
53722,0.00092406191626,57598073.2768,3.9707823847e-05,3.92385157669e-06,0.582351843569,5.368256843e-06,1.21174941953e-05,8.71729228424e-20,6.61951899794e-08,6.47645222576e-09,0.000963737100336,8.97162795215e-09,2.0280695368e-08
53723,0.00093319567634,55934414.5606,3.94455201026e-05,3.89816623533e-06,0.579078734064,5.33126815847e-06,1.20314041998e-05,8.48526153264e-20,6.62132812317e-08,6.47615288745e-09,0.00096460114904,8.97247213644e-09,2.02792488175e-08
53724,0.00094214971906,54242861.1999,3.91632924538e-05,3.87029958294e-06,0.575473525448,5.29171885898e-06,1.193972563e-05,8.25393290159e-20,6.62314886421e-08,6.47581981018e-09,0.000965437742503,8.97343276901e-09,2.02782285891e-08
53725,0.000950963053592,53074831.1788,3.91694757103e-05,3.8709697878e-06,0.576093336744,5.29117725852e-06,1.19361323486e-05,8.07052664763e-20,6.62464834275e-08,6.47548518589e-09,0.000966216216513,8.97394197561e-09,2.02762505706e-08
53726,0.000959639589122,51610625.1047,3.89301594445e-05,3.84733529728e-06,0.573085692156,5.25752749101e-06,1.18579366373e-05,7.86598143341e-20,6.6262650108e-08,6.4751058062e-09,0.000966985576893,8.97471876353e-09,2.02750227668e-08
53727,0.000968207140564,50209405.6857,3.86972582924e-05,3.82427134726e-06,0.57015189699,5.22481049102e-06,1.17819447911e-05,7.67292424175e-20,6.62783294346e-08,6.47469700678e-09,0.000967730800601,8.97547897552e-09,2.02738509733e-08
53728,0.000978328959879,47577131.8154,3.86961328499e-05,3.82336860491e-06,0.570649054621,5.22341828547e-06,1.17764993993e-05,7.45052668699e-20,6.62973825052e-08,6.47414774708e-09,0.000968602982304,8.97650335969e-09,2.02728562493e-08
53729,0.000988142240862,46266409.7182,3.84367227306e-05,3.79750138222e-06,0.567365265738,5.18704596746e-06,1.16920996712e-05,7.24175778022e-20,6.63146076036e-08,6.47359337542e-09,0.000969419468827,8.97734846666e-09,2.02716130127e-08
53730,0.000997698067313,45035333.9563,3.81879919003e-05,3.77262017079e-06,0.564208154768,5.15220889823e-06,1.16113015305e-05,7.05061675027e-20,6.63310510725e-08,6.47301310516e-09,0.000970197726307,8.97816424993e-09,2.02704478632e-08
53731,0.0010070181009,40639654.7993,3.77117107821e-05,3.70806661736e-06,0.555825136436,5.09318761086e-06,1.14840300827e-05,6.58373979598e-20,6.63168619039e-08,6.46166943745e-09,0.000969677077419,8.97782143744e-09,2.02703416837e-08
53732,0.00101617807083,39635774.2122,3.74792276032e-05,3.6844340992e-06,0.552792442392,5.06083693228e-06,1.14091967294e-05,6.41956025309e-20,6.6331209919e-08,6.46082247961e-09,0.00097034638964,8.97855922183e-09,2.0269321151e-08
53733,0.00102518528909,38661138.2042,3.72539199941e-05,3.66149387452e-06,0.549847283903,5.0295081406e-06,1.13367547055e-05,6.262186057e-20,6.63450679092e-08,6.45997230725e-09,0.000970991463728,8.97927730545e-09,2.02683514621e-08
53734,0.00103406308882,37708566.1251,3.70350031295e-05,3.63917017247e-06,0.546980119707,4.99908915943e-06,1.12664415846e-05,6.109355925e-20,6.63584832524e-08,6.45911940835e-09,0.000971614613014,8.97997744487e-09,2.02674279832e-08
53735,0.00104454785235,35606179.5251,3.69388640616e-05,3.6288219323e-06,0.545989709084,4.98509530458e-06,1.12328528905e-05,5.91392077761e-20,6.63721555614e-08,6.45810545309e-09,0.000972312537442,8.98049595732e-09,2.02657019628e-08
53736,0.00105469252087,34737418.4892,3.66957020168e-05,3.60394418145e-06,0.542792184594,4.95135294819e-06,1.11549225851e-05,5.75222597704e-20,6.63868520117e-08,6.45710487105e-09,0.000972992079263,8.98126985148e-09,2.02647268528e-08
53737,0.00106455798984,33885218.5702,3.64629113093e-05,3.5800913784e-06,0.539724657971,4.91907298482e-06,1.10803989547e-05,5.60016031046e-20,6.64008726633e-08,6.45611689854e-09,0.00097363877134,8.98201369061e-09,2.0263813867e-08
53738,0.00107418937188,33085357.207,3.65016557458e-05,3.58204207139e-06,0.540566215887,4.92374917002e-06,1.10895100461e-05,5.45832178958e-20,6.64170026768e-08,6.45512314869e-09,0.000974284871005,8.98316366951e-09,2.02639676798e-08
53739,0.00108362634675,32801183.268,3.628441235e-05,3.55577117018e-06,0.537460196705,4.89407507165e-06,1.10212023793e-05,5.3405353329e-20,6.64276995319e-08,6.45210745887e-09,0.000974714054621,8.98382394502e-09,2.02632468749e-08
53740,0.00109291370736,31914642.206,3.6291189835e-05,3.55504440575e-06,0.537927574913,4.89407743861e-06,1.10193803469e-05,5.20616688179e-20,6.64408076524e-08,6.45125416376e-09,0.00097531418623,8.9845039226e-09,2.02623727291e-08
53741,0.00110204772302,30925151.2036,3.60873579847e-05,3.5341264546e-06,0.535290614387,4.86563886533e-06,1.09534426297e-05,5.06623333695e-20,6.64534964491e-08,6.45047770035e-09,0.000975893463335,8.985175054e-09,2.02615404221e-08
53742,0.00111282734184,29039816.8757,3.58504234207e-05,3.50991185376e-06,0.532217405995,4.83262128568e-06,1.08769096156e-05,4.87978667219e-20,6.64681320669e-08,6.44961938227e-09,0.000976559761878,8.98595880551e-09,2.02606081789e-08
53743,0.00112325544093,28097328.5585,3.56247963045e-05,3.48690967735e-06,0.529283038462,4.80121207661e-06,1.08041520442e-05,4.73303448574e-20,6.64819854697e-08,6.44882018157e-09,0.000977188856919,8.98671073434e-09,2.0259756671e-08
53744,0.00113340557982,27438704.0732,3.56377138143e-05,3.48743754148e-06,0.529886925458,4.80197077359e-06,1.08038502805e-05,4.61147068518e-20,6.64924825356e-08,6.44808451542e-09,0.000977759748961,8.98700184051e-09,2.02579656162e-08
53745,0.00114331618864,26743050.7588,3.54287846507e-05,3.46616492675e-06,0.527157138124,4.77293777523e-06,1.07366849582e-05,4.48625323858e-20,6.65051186594e-08,6.44734517726e-09,0.000978331160949,8.98770139897e-09,2.02572430339e-08
53746,0.0011530289791,25917302.7702,3.5227071631e-05,3.44561993735e-06,0.524515486229,4.74493104972e-06,1.06719352947e-05,4.36075194376e-20,6.65172513171e-08,6.44661697987e-09,0.00097887860111,8.9883787009e-09,2.02565720327e-08
53747,0.0011625765862,25147674.3273,3.50316316375e-05,3.42569554658e-06,0.521950625123,4.71781467394e-06,1.06092812651e-05,4.23964153292e-20,6.65289158929e-08,6.4458966504e-09,0.000979403873647,8.98903458102e-09,2.0255947455e-08
53748,0.00117199481087,24565055.8821,3.50211867124e-05,3.4239010968e-06,0.522135703938,4.71562963899e-06,1.06027438951e-05,4.14413601569e-20,6.65416435956e-08,6.44500518766e-09,0.000980048780554,8.98952878447e-09,2.02543687897e-08
53749,0.00118310370745,23086568.2755,3.47992943877e-05,3.40122650442e-06,0.519210590299,4.68488824095e-06,1.05317999198e-05,3.99079207652e-20,6.65547143498e-08,6.44414197422e-09,0.000980634793866,8.99027172417e-09,2.02537112502e-08
53750,0.00119385551977,22435972.994,3.45882003122e-05,3.37963168391e-06,0.516422670882,4.65565801046e-06,1.04643868916e-05,3.87432353367e-20,6.65670899616e-08,6.4432905625e-09,0.000981188259586,8.99097908466e-09,2.02531086162e-08
53751,0.0012043389634,22034882.1818,3.45345567595e-05,3.37348785496e-06,0.51597663954,4.64764162624e-06,1.04447257545e-05,3.77458112676e-20,6.65770625689e-08,6.44248892094e-09,0.000981698922924,8.99136143868e-09,2.02518640094e-08
53752,0.00121455762095,21475566.4751,3.42689194955e-05,3.34651829054e-06,0.512325756957,4.61119156662e-06,1.0361326857e-05,3.67235872617e-20,6.65892315087e-08,6.4416390783e-09,0.000982208144747,8.99215835248e-09,2.02516949529e-08
53753,0.00122448454134,19102018.0615,3.36757484819e-05,3.2641319806e-06,0.500376827479,4.53926229943e-06,1.0208821949e-05,3.42444573178e-20,6.65492043447e-08,6.42387287086e-09,0.000980192054118,8.99031890098e-09,2.02510788767e-08
53754,0.00123432576333,18797865.0718,3.34931578958e-05,3.24550300604e-06,0.497908040423,4.51405109426e-06,1.01508868079e-05,3.34293855481e-20,6.65592504221e-08,6.42305234702e-09,0.00098062604882,8.99088821483e-09,2.02505959245e-08
53755,0.00124402609284,18462430.5953,3.33157125863e-05,3.22738636882e-06,0.495505486725,4.489559566e-06,1.00946300793e-05,3.26393536796e-20,6.65689672005e-08,6.42224168998e-09,0.00098104482477,8.99143934523e-09,2.02501394994e-08
53756,0.00125547777906,17502052.5831,3.31094769401e-05,3.206310998e-06,0.492709021567,4.46110710786e-06,1.00292977934e-05,3.14771104118e-20,6.65801961235e-08,6.42128514678e-09,0.000981527407697,8.9920779478e-09,2.02496244995e-08
53757,0.00126656510739,17172088.0164,3.3010314147e-05,3.19563803837e-06,0.491490271972,4.44711887125e-06,9.99657402933e-06,3.07201250423e-20,6.6590323709e-08,6.42027303457e-09,0.000981991814684,8.99255855926e-09,2.0248769541e-08
53758,0.00127736351348,16830334.9791,3.29637584934e-05,3.19012410366e-06,0.49105067365,4.44022746233e-06,9.97984348493e-06,2.99458470675e-20,6.65983984898e-08,6.41931443466e-09,0.000982399210103,8.9928270508e-09,2.02476248536e-08
53759,0.00128789758116,18681521.4734,3.35219288875e-05,3.24185590306e-06,0.499533190544,4.51494336776e-06,1.01466964445e-05,2.99874497508e-20,6.66120350117e-08,6.41851710553e-09,0.000982890614796,8.99386072569e-09,2.02481633813e-08
53760,0.001298221085,17950578.9815,3.33669715729e-05,3.22546502779e-06,0.497499283516,4.49333855154e-06,1.00966224009e-05,2.9061718242e-20,6.66241454334e-08,6.4178232279e-09,0.000983347063726,8.99471638027e-09,2.0248330508e-08
53761,0.00130837135846,17335306.3741,3.31957432859e-05,3.20781238295e-06,0.4952407698,4.46950018413e-06,1.00414743572e-05,2.82266982982e-20,6.66338229131e-08,6.41715635682e-09,0.000983759729567,8.99524888347e-09,2.02478298115e-08
53762,0.00131837625178,16748313.0882,3.30293751555e-05,3.19073548327e-06,0.493041993318,4.44635240633e-06,9.98795456439e-06,2.7428731984e-20,6.66431789063e-08,6.41653832492e-09,0.000984157694826,8.99576594733e-09,2.0247359056e-08
53763,0.00133018749709,15776096.6844,3.28359408434e-05,3.1709274479e-06,0.490479238315,4.41945992686e-06,9.92582619734e-06,2.63520067154e-20,6.66539849253e-08,6.41583640309e-09,0.000984616065394,8.99636794846e-09,2.0246839588e-08
53764,0.00134162812836,15201446.7012,3.26514760606e-05,3.15206041623e-06,0.488028997716,4.3938337874e-06,9.86668616981e-06,2.55293433775e-20,6.66642211156e-08,6.41516831667e-09,0.000985049216516,8.99694071024e-09,2.02463744237e-08
53765,0.00135277158501,14714616.6628,3.25446908896e-05,3.14075223644e-06,0.486728114054,4.3786953427e-06,9.83119118029e-06,2.47814611422e-20,6.66729753921e-08,6.41449739641e-09,0.000985449365562,8.99733803681e-09,2.02456121012e-08
53766,0.00136366947541,14162836.9289,3.23109668467e-05,3.11718643722e-06,0.483500950252,4.34655356896e-06,9.75766582286e-06,2.40207676757e-20,6.66833070422e-08,6.41388428753e-09,0.000985854135298,8.99801682435e-09,2.02455772562e-08
53767,0.00137436931313,13673665.4376,3.21463945206e-05,3.10034374472e-06,0.481300801878,4.32373855234e-06,9.70514563077e-06,2.33186302063e-20,6.66922664121e-08,6.41325647574e-09,0.00098623074423,8.99852573696e-09,2.02452327329e-08
53768,0.00138489419865,13217547.223,3.19869600275e-05,3.0840135354e-06,0.479165627138,4.3016488018e-06,9.6543264995e-06,2.26447928377e-20,6.67008945673e-08,6.41263393329e-09,0.000986592651819,8.99901844072e-09,2.02449175173e-08
53769,0.0013952700574,12712703.9389,3.1759808813e-05,3.06109985698e-06,0.475979017502,4.27054952049e-06,9.58344856915e-06,2.19718834336e-20,6.67111721627e-08,6.41205557932e-09,0.000986962317227,8.99979475178e-09,2.02453098023e-08
53770,0.00140724560594,11995550.5396,3.16052000643e-05,3.04504617316e-06,0.473906715761,4.24914035431e-06,9.5341934653e-06,2.11382157089e-20,6.67215199591e-08,6.41135492456e-09,0.000987364199766,9.00048535597e-09,2.02453369426e-08
53771,0.0014188845608,11563981.0622,3.14369852984e-05,3.02779124235e-06,0.471638550044,4.22588520666e-06,9.48080047323e-06,2.04859400608e-20,6.67304301852e-08,6.41064953282e-09,0.000987735123895,9.00100301466e-09,2.0245056585e-08
53772,0.00143024703328,11169434.701,3.12753608264e-05,3.01119842683e-06,0.469455425509,4.20355386057e-06,9.42955422444e-06,1.98735816885e-20,6.67389434924e-08,6.40995643757e-09,0.000988088686503,9.00149997486e-09,2.0244801495e-08
53773,0.00144138261874,10790075.2619,3.11193684124e-05,2.99517715523e-06,0.467344245033,4.18201412707e-06,9.38015182367e-06,1.92913873434e-20,6.6747108065e-08,6.40927479471e-09,0.000988427004215,9.00197847446e-09,2.02445680574e-08
53774,0.00145233806986,10448815.0529,3.09682618601e-05,2.9796528025e-06,0.465295361718,4.16116126232e-06,9.33234946115e-06,1.87347908757e-20,6.67549670739e-08,6.4086033837e-09,0.000988751926551,9.00244078618e-09,2.02443532593e-08
53775,0.00146318414379,10310046.555,3.10843915071e-05,2.9899168733e-06,0.46728081586,4.17617165036e-06,9.36492413058e-06,1.82585968911e-20,6.67587366289e-08,6.40787062085e-09,0.000989028312222,9.0022956311e-09,2.024279208e-08
53776,0.00147527672661,9839711.35218,3.09218287441e-05,2.97320319629e-06,0.465069593084,4.15376122643e-06,9.31359320806e-06,1.75968605676e-20,6.67670216078e-08,6.40713490917e-09,0.000989369569746,9.00278770908e-09,2.02425856603e-08
53777,0.00148709104944,9620829.49751,3.07657396621e-05,2.95715486073e-06,0.462943143044,4.13225305347e-06,9.26435174503e-06,1.70564407915e-20,6.67749268088e-08,6.40641835281e-09,0.000989694337774,9.00325857353e-09,2.02423975851e-08
53778,0.00149867943693,9465982.07131,3.06150377737e-05,2.94165661045e-06,0.460886042406,4.11149851645e-06,9.21685818327e-06,1.65380290736e-20,6.67825012814e-08,6.40571922734e-09,0.000990004738938,9.00371077779e-09,2.02422251484e-08
53779,0.00151008297719,10113718.8681,3.05685446348e-05,2.9358334491e-06,0.460379747989,4.104756736e-06,9.20073944752e-06,1.6088099469e-20,6.67908588885e-08,6.4050691721e-09,0.000990316260571,9.00429654543e-09,2.02423810274e-08
53780,0.0015213342077,9744313.11953,3.0427804764e-05,2.92116477163e-06,0.458493099075,4.08526651313e-06,9.15587987587e-06,1.55970289745e-20,6.67979973054e-08,6.40445648049e-09,0.000990607972969,9.00471593198e-09,2.0242176e-08
53781,0.00153249465868,9445917.10097,3.04205044328e-05,2.91940013171e-06,0.458623116316,4.08367702551e-06,9.15112125854e-06,1.51702729212e-20,6.6803018825e-08,6.40384063208e-09,0.000990874241188,9.00482262567e-09,2.02412799768e-08
53782,0.00154474691779,8967176.90996,3.01478121783e-05,2.8920477315e-06,0.454735641519,4.04649763522e-06,9.06664606185e-06,1.45969612941e-20,6.68123042028e-08,6.40325520697e-09,0.000991190948234,9.00555401715e-09,2.02417490346e-08
53783,0.00155675558864,8631501.76055,3.00051620721e-05,2.87726089224e-06,0.452812213699,4.02676709979e-06,9.02128954563e-06,1.41385365279e-20,6.68193882857e-08,6.40265635599e-09,0.000991478653326,9.00596829232e-09,2.02415445415e-08
53784,0.0015685639462,8315760.54276,2.98672472078e-05,2.86297395923e-06,0.450948957978,4.00770019012e-06,8.97749000733e-06,1.37051369273e-20,6.68261868436e-08,6.40207384563e-09,0.000991754134509,9.0063654552e-09,2.02413572949e-08
53785,0.00158021635366,8080815.36458,2.99114805731e-05,2.86616946841e-06,0.451829241675,4.01309062519e-06,8.98852112836e-06,1.33799696411e-20,6.68360933213e-08,6.40093882311e-09,0.00099223044934,9.00672929769e-09,2.02401309519e-08
53786,0.00159174776409,7824688.52559,2.97806833474e-05,2.85262578953e-06,0.450056035146,3.99502248109e-06,8.94707039455e-06,1.29990838261e-20,6.68424613968e-08,6.40037527705e-09,0.000992487234792,9.00710144995e-09,2.02399748127e-08
53787,0.00160422975189,7541647.82472,2.97045692755e-05,2.84426568903e-06,0.449127611578,3.98424440607e-06,8.92187830596e-06,1.25906408825e-20,6.68482920686e-08,6.39974915161e-09,0.000992752719861,9.00734839583e-09,2.02394702733e-08
53788,0.00161649890909,7379893.16491,2.95701434251e-05,2.83035130352e-06,0.447298869177,3.96569148026e-06,8.8793687224e-06,1.22624746035e-20,6.68547459447e-08,6.39915843902e-09,0.000993011633948,9.00772701095e-09,2.02393321781e-08
53789,0.00162860657406,7341772.00594,2.94399590503e-05,2.81687830116e-06,0.445524976874,3.94773119407e-06,8.83824071474e-06,1.20102259655e-20,6.68609584582e-08,6.39858085638e-09,0.000993260204867,9.00809185161e-09,2.02392080534e-08
53790,0.00164058714734,7242792.07273,2.93135862124e-05,2.80379182225e-06,0.44380170417,3.93029987555e-06,8.79833494136e-06,1.1737759189e-20,6.68669756914e-08,6.39801377882e-09,0.000993500289586,9.00844569012e-09,2.02390948053e-08
53791,0.0016534038404,6989655.52968,2.91810072389e-05,2.79005671635e-06,0.441992142706,3.9120169145e-06,8.7564884275e-06,1.13800423519e-20,6.68732813815e-08,6.39741222224e-09,0.000993751012453,9.00881802313e-09,2.02389824262e-08
53792,0.00166606829049,6868500.21291,2.92395274499e-05,2.79461488829e-06,0.443100684629,3.91929514245e-06,8.7717689588e-06,1.11198543341e-20,6.68767462797e-08,6.39675881242e-09,0.000993982596298,9.00873545726e-09,2.02378123869e-08
53793,0.00167853947579,6824590.911,2.91151731352e-05,2.78165353007e-06,0.441411257806,3.90212018107e-06,8.73239896087e-06,1.09140568173e-20,6.6882749771e-08,6.39618153205e-09,0.000994220397566,9.00909000686e-09,2.02377053843e-08
53794,0.00169090025991,7296522.53601,2.8995443412e-05,2.76896807343e-06,0.439810023291,3.88550302938e-06,8.6941246918e-06,1.108678545e-20,6.68890157627e-08,6.39558265227e-09,0.000994467784899,9.0094596432e-09,2.02375780192e-08
53795,0.00170400477722,7003064.1227,2.89325677803e-05,2.76170905332e-06,0.439086585438,3.87646664815e-06,8.6727273886e-06,1.07115513753e-20,6.68945932831e-08,6.39495572458e-09,0.00099471964977,9.00969073528e-09,2.02370709219e-08
53796,0.00171694262912,6730487.76626,2.88120107112e-05,2.74900338344e-06,0.437468320701,3.8597492172e-06,8.63422758444e-06,1.03584768611e-20,6.69007877072e-08,6.3943788537e-09,0.000994963752125,9.0100536088e-09,2.02369215796e-08
53797,0.00172974558294,5891776.03284,2.84759453235e-05,2.71659483627e-06,0.432571573833,3.81426244665e-06,8.53185284801e-06,9.53496484189e-21,6.69037745553e-08,6.39394973e-09,0.000995112724883,9.01013473644e-09,2.0236561123e-08
53798,0.00174346196646,6116353.66168,2.8441087571e-05,2.71204142624e-06,0.432250579209,3.80904101934e-06,8.51913328199e-06,9.39813035584e-21,6.69954041736e-08,6.40060933215e-09,0.000996848112436,9.02216451052e-09,2.02621693155e-08
53799,0.00175700446648,5869355.50891,2.84577257911e-05,2.71245617692e-06,0.432617551699,3.81094128405e-06,8.52269054809e-06,9.07652336529e-21,6.70017715237e-08,6.40005135389e-09,0.000997070071572,9.02261819459e-09,2.02623409239e-08
53800,0.00177040629718,5643652.60451,2.83423352716e-05,2.70035537143e-06,0.431053180165,3.79498113843e-06,8.48603417605e-06,8.78152207308e-21,6.70073114114e-08,6.39951302461e-09,0.00099728574516,9.02294418138e-09,2.02622292711e-08
53801,0.00178369786513,4939370.97868,2.79965033877e-05,2.66815223548e-06,0.425770292387,3.7489603553e-06,8.38387556778e-06,7.95442555648e-21,6.70039634454e-08,6.39942096137e-09,0.000997156136708,9.02276894129e-09,2.02624145262e-08
53802,0.00179784787178,4771478.68175,2.79990994051e-05,2.66739488459e-06,0.426004625748,3.74880235168e-06,8.38258306975e-06,7.72448285627e-21,6.70079075906e-08,6.39889443206e-09,0.000997361038992,9.02284890243e-09,2.02617570299e-08
53803,0.00181184388432,4609923.75454,2.7885623057e-05,2.6556146972e-06,0.424444579512,3.73317101344e-06,8.34680847643e-06,7.48805419822e-21,6.70128679669e-08,6.39838986884e-09,0.000997551582493,9.0231445225e-09,2.02616744511e-08
53804,0.00182572965663,4507641.27975,2.78611422643e-05,2.65234138702e-06,0.42423344725,3.72946769513e-06,8.33773599204e-06,7.30765807652e-21,6.70192556618e-08,6.39765954278e-09,0.000997828311705,9.02343836229e-09,2.02611843177e-08
53805,0.00184017156675,4457610.41761,2.77488801047e-05,2.6407011328e-06,0.422685974486,3.71401171971e-06,8.30239126726e-06,7.14999593827e-21,6.70241173627e-08,6.39715681037e-09,0.000998013758646,9.02372767815e-09,2.02611096733e-08
53806,0.00185451437899,4383186.59753,2.76403026845e-05,2.62941324971e-06,0.421191337782,3.69905368754e-06,8.26816788113e-06,6.9881673843e-21,6.70288786876e-08,6.39666170409e-09,0.000998194500351,9.02401114298e-09,2.02610384699e-08
53807,0.00186462719266,4565050.58141,2.75654441943e-05,2.6215623203e-06,0.420167789666,3.68871543506e-06,8.2444614005e-06,7.00663429855e-21,6.70322861296e-08,6.39630763164e-09,0.00099832337988,9.02421312711e-09,2.02609857559e-08
53808,0.00187670516634,4387033.11256,2.74777375373e-05,2.61237762157e-06,0.41896724434,3.67660680104e-06,8.2166965016e-06,6.79101036098e-21,6.70362531027e-08,6.39589761674e-09,0.00099847315581,9.02444856613e-09,2.02609206838e-08
53809,0.00188662910991,4305823.59439,2.74068451067e-05,2.60496075238e-06,0.417995986251,3.66682090214e-06,8.19426218737e-06,6.66795222573e-21,6.70394480826e-08,6.39556746857e-09,0.000998593589215,9.02463713673e-09,2.02608665247e-08
53810,0.0018984924868,4168998.42079,2.74413962104e-05,2.60744513724e-06,0.418674553405,3.67103677307e-06,8.20293604027e-06,6.49508144762e-21,6.70420402554e-08,6.39516558879e-09,0.000998745366065,9.02463036946e-09,2.02602194393e-08
53811,0.00190844830096,4092715.66024,2.73724925665e-05,2.6002456583e-06,0.417728911548,3.66152852171e-06,8.18114730112e-06,6.38114766546e-21,6.70451190557e-08,6.39484558982e-09,0.000998861024693,9.02481131706e-09,2.02601661681e-08
53812,0.0019203550265,3942915.67711,2.72916923345e-05,2.59180921424e-06,0.416618864274,3.6503812578e-06,8.15560881256e-06,6.19819680045e-21,6.70487111964e-08,6.39447069705e-09,0.000998995635493,9.02502265566e-09,2.026010429e-08
53813,0.0019304420178,3873344.0531,2.74288573425e-05,2.60427945025e-06,0.418650890677,3.66883344313e-06,8.19692489632e-06,6.08057806727e-21,6.70527930301e-08,6.39417748353e-09,0.000999093949082,9.02542223777e-09,2.02606371838e-08
53814,0.00194250078374,3427996.99205,2.70538635609e-05,2.56919489109e-06,0.412957745175,3.61874213984e-06,8.08545495938e-06,5.54480264151e-21,6.70515233975e-08,6.39424681041e-09,0.000999010477989,9.02546113099e-09,2.0261235612e-08
53815,0.00195271464068,3548227.19448,2.69878786903e-05,2.56233471903e-06,0.412045245545,3.60965560943e-06,8.06467245964e-06,5.55496940347e-21,6.70542748774e-08,6.39395227697e-09,0.000999112077076,9.02562507536e-09,2.02611993112e-08
53816,0.00196493041408,3416580.72379,2.69104448236e-05,2.55429229474e-06,0.410973385375,3.59899552682e-06,8.04029368901e-06,5.39664196114e-21,6.70574857009e-08,6.393608792e-09,0.000999230371147,9.02581672273e-09,2.02611557966e-08
53817,0.00197950770723,3277416.3468,2.68201428247e-05,2.54492133679e-06,0.409722149915,3.58656646165e-06,8.01187501713e-06,5.22574247064e-21,6.70612122917e-08,6.39320933711e-09,0.000999367230971,9.02603922178e-09,2.02611045563e-08
53818,0.00199089104969,3219339.68668,2.6750966655e-05,2.53774839198e-06,0.408762784691,3.57704676628e-06,7.99011474076e-06,5.12435037893e-21,6.70640512401e-08,6.39290413247e-09,0.00099947130573,9.02620785188e-09,2.02610654387e-08
53819,0.00200452507381,3219426.28666,2.66701298141e-05,2.52933509767e-06,0.407644078338,3.56591139616e-06,7.96463702063e-06,5.00268580286e-21,6.70673955679e-08,6.3925443024e-09,0.000999593389576,9.0264069952e-09,2.02610185674e-08
53820,0.00201571142,3156047.13406,2.66050551749e-05,2.52256773093e-06,0.406742839632,3.55694868947e-06,7.94413362028e-06,4.90671391174e-21,6.70700777183e-08,6.39225569157e-09,0.000999691114309,9.02656605051e-09,2.02609800422e-08
53821,0.0020291089587,3039677.08566,2.65287815365e-05,2.51464211844e-06,0.405685605016,3.54644557388e-06,7.92011060526e-06,4.7637269963e-21,6.70732045491e-08,6.39191862946e-09,0.000999804739317,9.02675152156e-09,2.02609345589e-08
53822,0.00204044448119,3004195.09546,2.6635715174e-05,2.52417624396e-06,0.40744832127,3.56039883025e-06,7.9506654828e-06,4.69346752026e-21,6.70741908839e-08,6.39160432473e-09,0.000999921369391,9.02657044537e-09,2.02600254597e-08
53823,0.00205397063613,2891951.15097,2.65534658343e-05,2.51573605528e-06,0.406260306507,3.54919018913e-06,7.92522108689e-06,4.56278426349e-21,6.70777469804e-08,6.39128880701e-09,0.00100002289648,9.02686096735e-09,2.026027374e-08
53824,0.00206537993169,2975546.72401,2.66300674445e-05,2.52248695252e-06,0.40741847239,3.55941543966e-06,7.9479645754e-06,4.39900081123e-21,6.70807279863e-08,6.3910351987e-09,0.00100010369049,9.02711687308e-09,2.02605278691e-08
53825,0.00207905777923,2870900.24279,2.6557786134e-05,2.51495828075e-06,0.406416762116,3.54945440057e-06,7.92516637678e-06,4.27038894542e-21,6.70835899395e-08,6.39072543876e-09,0.00100020694571,9.02728574093e-09,2.02604839698e-08
53826,0.00209066519707,2810766.0263,2.64976283289e-05,2.50869604766e-06,0.405582585756,3.5411647789e-06,7.90619620455e-06,4.1914532281e-21,6.70859684405e-08,6.39046777506e-09,0.00100029251925,9.02742563363e-09,2.02604467779e-08
53827,0.00210457904449,2713337.36949,2.64270927122e-05,2.50135898539e-06,0.40460381875,3.53144665283e-06,7.8839606848e-06,4.07143259624e-21,6.70887420998e-08,6.39016673981e-09,0.00100039206725,9.02758870656e-09,2.02604028472e-08
53828,0.00211639036033,2653783.27669,2.63683763627e-05,2.49525571268e-06,0.403788530513,3.52335805499e-06,7.86545757318e-06,3.98667518032e-21,6.70910380454e-08,6.38991699282e-09,0.00100047434249,9.02772320911e-09,2.02603662347e-08
53829,0.00213056555153,2564615.90242,2.62995231037e-05,2.4881026576e-06,0.402831883779,3.51387407953e-06,7.84376555591e-06,3.87976553919e-21,6.7093723076e-08,6.38962424322e-09,0.00100057020918,9.02788052225e-09,2.02603234076e-08
53830,0.00214260372692,2508898.87822,2.62422129509e-05,2.48215263823e-06,0.402035133315,3.5059810391e-06,7.82571621197e-06,3.79944455021e-21,6.70959463357e-08,6.38938127187e-09,0.00100064944251,9.02801034866e-09,2.02602880172e-08
53831,0.00215704499594,2428221.49847,2.61750210953e-05,2.47517897684e-06,0.401100483838,3.4967275665e-06,7.80455803952e-06,3.70793620648e-21,6.70985565051e-08,6.38909540265e-09,0.00100074198021,9.02816289521e-09,2.02602468261e-08
53832,0.00216931598034,2383651.21413,2.61742652334e-05,2.47457971969e-06,0.401180946242,3.49636456942e-06,7.80327994553e-06,3.63817178611e-21,6.71002337086e-08,6.3888411913e-09,0.00100082826243,9.028180283e-09,2.02599214832e-08
53833,0.002184048323,2311217.28931,2.61085758862e-05,2.46776944249e-06,0.400266199652,3.48731985199e-06,7.78260635457e-06,3.53664155053e-21,6.71027615609e-08,6.38856316296e-09,0.00100091744591,9.02832759441e-09,2.02598822264e-08
53834,0.0021965684459,2358977.24148,2.60540245553e-05,2.4620904373e-06,0.399507943824,3.47980013458e-06,7.76540156639e-06,3.47008326892e-21,6.71048680797e-08,6.3883313736e-09,0.00100099146107,9.02845036162e-09,2.02598495646e-08
53835,0.00221160791135,2294729.05564,2.61011282575e-05,2.46589816054e-06,0.400348695219,3.48575327328e-06,7.77808636059e-06,3.38772540641e-21,6.71063727745e-08,6.38802393449e-09,0.00100109854675,9.02837568721e-09,2.02592219467e-08
53836,0.00222439441173,2102090.48026,2.58401343776e-05,2.44194310425e-06,0.396403927765,3.45092288344e-06,7.7007471785e-06,3.14204571797e-21,6.710235878e-08,6.38829184327e-09,0.00100097426373,9.02808702906e-09,2.02592389843e-08
53837,0.00223975595848,2032438.02761,2.57773310802e-05,2.43545198198e-06,0.395525816673,3.44228461073e-06,7.68101885873e-06,3.05531180092e-21,6.71046090565e-08,6.38804172545e-09,0.00100105253638,9.02821951254e-09,2.02592095003e-08
53838,0.00225281829053,2036633.51856,2.57250986456e-05,2.43004610287e-06,0.394795821384,3.43509730023e-06,7.66459892023e-06,3.00064336903e-21,6.71064798447e-08,6.38783360687e-09,0.0010011174309,9.02832952467e-09,2.02591847778e-08
53839,0.00226851224023,1973270.38063,2.56638539235e-05,2.42370979437e-06,0.393939530224,3.42667026754e-06,7.64534741217e-06,2.92946246362e-21,6.71086753048e-08,6.38758924505e-09,0.00100119319424,9.02845868891e-09,2.02591555441e-08
53840,0.00228186065327,1929850.78326,2.56128766068e-05,2.41843875406e-06,0.393226506289,3.41965660542e-06,7.62932691029e-06,2.86657403953e-21,6.71104939011e-08,6.38738660075e-09,0.00100125583336,9.02856544366e-09,2.02591311472e-08
53841,0.00229791388925,1866714.54661,2.5553077665e-05,2.41225903112e-06,0.392389746398,3.41142988328e-06,7.61053760307e-06,2.78854196421e-21,6.71126169491e-08,6.38714974823e-09,0.00100132872907,9.02869001248e-09,2.02591025478e-08
53842,0.00231157650124,1826087.47888,2.55032891963e-05,2.40711662344e-06,0.391692794572,3.40458087641e-06,7.59489703271e-06,2.72919501734e-21,6.71143759122e-08,6.38695326453e-09,0.00100138899522,9.02879298981e-09,2.02590788073e-08
53843,0.00232800673107,1763398.11914,2.54221757108e-05,2.39898322153e-06,0.390495662119,3.39358825184e-06,7.57006841136e-06,2.65643896649e-21,6.71169040389e-08,6.38674348389e-09,0.00100144796818,9.02902282139e-09,2.02593479153e-08
53844,0.00234199653227,1762889.1822,2.53736322875e-05,2.3939627326e-06,0.389816178708,3.38690727976e-06,7.55480603671e-06,2.5615968992e-21,6.71185875817e-08,6.38655505153e-09,0.00100150540128,9.02912126539e-09,2.02593250199e-08
53845,0.00235882255688,1708252.02755,2.53167153469e-05,2.38807886587e-06,0.389019259106,3.37907421359e-06,7.53691263232e-06,2.49543175854e-21,6.71205558284e-08,6.38633471216e-09,0.00100157230541,9.02923626002e-09,2.02592980512e-08
53846,0.00237908317715,1645395.23797,2.52502701606e-05,2.38121393317e-06,0.388088629248,3.36993026273e-06,7.51602676897e-06,2.41545043619e-21,6.71228412484e-08,6.38607863101e-09,0.00100164971453,9.02936964701e-09,2.02592665284e-08
53847,0.002396171956,1603419.56744,2.51957500235e-05,2.37558329532e-06,0.387324804936,3.36242753783e-06,7.4988910339e-06,2.36027415898e-21,6.71247135217e-08,6.38586865598e-09,0.00100171285666,9.0294787479e-09,2.02592406703e-08
53848,0.00241675343329,1554751.55864,2.51321060936e-05,2.36901342893e-06,0.386432937907,3.35366938894e-06,7.47888952671e-06,2.29037039922e-21,6.71268894695e-08,6.38562437993e-09,0.00100178594743,9.0296054502e-09,2.02592105808e-08
53849,0.00243430577506,1530960.55979,2.5079353463e-05,2.36356483624e-06,0.385693750117,3.34640831596e-06,7.46230447771e-06,2.24295515745e-21,6.71286955069e-08,6.38542151359e-09,0.0010018463166,9.02971050538e-09,2.02591856487e-08
53850,0.00245545459514,1497917.64779,2.50178240526e-05,2.35720159547e-06,0.38483184241,3.33793541877e-06,7.44294453571e-06,2.1891546871e-21,6.71308160311e-08,6.38518333467e-09,0.00100191666323,9.02983392533e-09,2.02591564281e-08
53851,0.00248097149222,1433443.2026,2.50555087977e-05,2.36025330391e-06,0.38540654349,3.34290549062e-06,7.45388540542e-06,2.10557904507e-21,6.71336946053e-08,6.38493260882e-09,0.00100198488138,9.03008282883e-09,2.0259418133e-08
53852,0.00251036166642,1392025.32934,2.49764374294e-05,2.35207819455e-06,0.384298472705,3.33201444421e-06,7.42899836323e-06,2.03678909727e-21,6.71363995962e-08,6.3846285019e-09,0.00100207342539,9.03024000328e-09,2.02593807287e-08
53853,0.0025397642871,1356611.27217,2.49008111869e-05,2.34425019091e-06,0.383238976965,3.32159303647e-06,7.40517619512e-06,1.95493718227e-21,6.71389755247e-08,6.38433877035e-09,0.00100215732621,9.03038945096e-09,2.02593448266e-08
53854,0.00256929990607,1325953.15857,2.50432108851e-05,2.35687506515e-06,0.385589049529,3.34012404338e-06,7.44569177329e-06,1.89854737576e-21,6.71398018229e-08,6.38395153112e-09,0.00100229155543,9.03010744063e-09,2.02581149477e-08
53855,0.00259901289119,1262688.14208,2.48856383115e-05,2.34145089227e-06,0.383220385245,3.31889111286e-06,7.39796534096e-06,1.81481101141e-21,6.71430072563e-08,6.38373880499e-09,0.00100234088358,9.03045880785e-09,2.02586827509e-08
53856,0.00263234938742,1201305.89554,2.47391607244e-05,2.32697375751e-06,0.381065120936,3.29902909542e-06,7.35311845529e-06,1.72902673037e-21,6.71457226243e-08,6.38350538528e-09,0.00100240290617,9.0306965738e-09,2.02589467143e-08
53857,0.00266574894935,1156179.91669,2.46677194622e-05,2.31957894508e-06,0.380064889309,3.28917682564e-06,7.33059069684e-06,1.65465937617e-21,6.7148106839e-08,6.38323658386e-09,0.00100247911555,9.03083372212e-09,2.02589126414e-08
53858,0.0026993119268,1114076.0287,2.45993301052e-05,2.31249775974e-06,0.379107683245,3.27974261464e-06,7.30901542494e-06,1.58406028385e-21,6.71503757048e-08,6.3829806603e-09,0.00100255133025,9.03096393343e-09,2.02588800628e-08
53859,0.0027331453035,1074489.76727,2.45336709847e-05,2.30569591619e-06,0.378189050566,3.27068185784e-06,7.28828998034e-06,1.51264190588e-21,6.71525370714e-08,6.3827367263e-09,0.00100261991604,9.03108764602e-09,2.02588488196e-08
53860,0.00276734105255,1031159.84434,2.44704612996e-05,2.29914805204e-06,0.377305081114,3.2619571775e-06,7.26833166939e-06,1.4518337067e-21,6.71546086371e-08,6.38250284259e-09,0.00100268535479,9.03120593448e-09,2.02588187744e-08
53861,0.00280625357456,991383.77205,2.44023259861e-05,2.29208419813e-06,0.376352824896,3.25254804463e-06,7.24680118788e-06,1.39275955694e-21,6.71568468939e-08,6.38225015708e-09,0.00100275543648,9.03133354218e-09,2.02587864088e-08
53862,0.00284533303286,950876.442162,2.43375029785e-05,2.28536130612e-06,0.375447441103,3.24359303805e-06,7.22630590544e-06,1.33297375382e-21,6.71589707092e-08,6.38201034055e-09,0.00100282153289,9.0314543601e-09,2.02587556839e-08
53863,0.00288471593923,911247.322844,2.42756180843e-05,2.27894029587e-06,0.374583732084,3.23504058003e-06,7.20672767301e-06,1.27042106335e-21,6.71609865318e-08,6.38178260388e-09,0.0010028840331,9.03156874429e-09,2.0258726448e-08
53864,0.00292453727455,879845.211269,2.43195606412e-05,2.28241467471e-06,0.375380746423,3.24052345919e-06,7.21830827645e-06,1.22635625633e-21,6.71622330795e-08,6.38149423712e-09,0.00100297501527,9.03147341657e-09,2.02580989299e-08
53865,0.00296896869396,842330.532847,2.42571681649e-05,2.27592982171e-06,0.374511904564,3.23189142704e-06,7.19853506607e-06,1.1736031333e-21,6.71642799561e-08,6.38126297354e-09,0.00100303751237,9.03158913216e-09,2.02580694806e-08
53866,0.00301370872149,804958.864682,2.41979793536e-05,2.26977394897e-06,0.373688643259,3.22369837567e-06,7.1797620884e-06,1.11925211727e-21,6.71662188798e-08,6.3810438626e-09,0.00100309637271,9.03169844619e-09,2.02580416177e-08
53867,0.00305891511677,771578.556427,2.42124302113e-05,2.27063461109e-06,0.373956194381,3.22543256559e-06,7.18329120809e-06,1.07215404702e-21,6.71681000985e-08,6.38083155513e-09,0.00100315241804,9.03180457322e-09,2.02580151362e-08
53868,0.00310471251686,738309.502066,2.4158472727e-05,2.26501509852e-06,0.373207569278,3.21795546101e-06,7.16614842893e-06,1.02600978125e-21,6.71698679401e-08,6.3806317968e-09,0.0010032053164,9.03190373177e-09,2.02579899077e-08
53869,0.00315589208423,703678.5202,2.41019910786e-05,2.25912645324e-06,0.372425345727,3.21012286063e-06,7.14818322808e-06,9.76604513889e-22,6.7171722249e-08,6.38042226571e-09,0.00100326043653,9.03200740045e-09,2.0257963507e-08
53870,0.00320756857357,668102.98613,2.40661548219e-05,2.25541965558e-06,0.371853302403,3.20531491427e-06,7.1374036678e-06,9.28058806036e-22,6.71741327909e-08,6.38029777743e-09,0.00100327901587,9.0323086855e-09,2.02585391807e-08
53871,0.00325991523941,636408.568563,2.40318404739e-05,2.25178092333e-06,0.371349695301,3.20059993496e-06,7.1266547435e-06,8.84272633311e-22,6.71761175293e-08,6.38014682186e-09,0.00100331113844,9.03250170443e-09,2.02588131912e-08
