 3.808  3.42  2.48e+07   7.67
 3.808  3.42  3.82e+07   6.75
 3.808  3.42  4.59e+07   6.47
 3.767  3.39  2.47e+07   7.69
 3.767  3.39  3.76e+07   6.77
 3.767  3.39  4.66e+07   6.44
 4.150  3.02  5.42e+07   5.19
 4.167  2.90  4.64e+07   5.14
 4.167  2.90  5.89e+07   4.92
 4.167  2.90  6.21e+07   4.85
 4.167  2.69  4.25e+07   4.62
 4.183  2.71  3.32e+07   4.76
 4.133  2.55  5.96e+07   4.24
 4.250  2.80 -6.29e+06   5.44
 4.133  2.47  5.51e+07   4.07
 4.167  2.53  2.96e+07   4.31
 4.150  2.46  3.84e+07   4.12
 4.133  2.37  4.49e+07   3.89
 4.117  2.33  5.91e+07   3.76
 4.133  2.35  4.22e+07   3.86
 4.167  2.43  1.25e+07   4.15
 4.117  2.27  5.13e+07   3.66
 4.117  2.26  4.94e+07   3.64
 4.075  2.16  9.36e+07   3.36
 4.075  2.12  8.92e+07   3.30
 4.062  2.09  1.05e+08   3.23
 4.150  2.26 -5.77e+05   3.81
 4.117  2.18  3.39e+07   3.53
 4.075  2.09  8.58e+07   3.25
 4.050  2.04  1.19e+08   3.13
 4.133  2.18  4.13e+06   3.61
 4.050  2.00  1.16e+08   3.07
 4.133  2.13 -1.27e+07   3.53
 4.075  2.00  6.70e+07   3.12
 4.020  1.87  1.58e+08   2.84
 4.075  1.96  5.69e+07   3.06
 4.075  1.92  4.28e+07   3.02
 4.100  1.96 -3.37e+06   3.17
 4.050  1.84  7.94e+07   2.84
 4.010  1.73  1.60e+08   2.63
 4.030  1.76  1.10e+08   2.71
 4.010  1.67  1.43e+08   2.56
 4.040  1.65  1.12e+07   2.61
 4.020  1.61  7.25e+07   2.52
 4.020  1.60  6.35e+07   2.50
 4.020  1.59  6.05e+07   2.50
 3.994  1.54  1.46e+08   2.38
 3.975  1.50  2.13e+08   2.31
 3.988  1.51  1.59e+08   2.34
 3.988  1.50  1.55e+08   2.33
 4.010  1.48  1.26e+07   2.37
 3.994  1.42  4.97e+07   2.27
 4.000  1.42  1.45e+07   2.29
 3.981  1.40  1.13e+08   2.22
 4.010  1.43 -3.72e+07   2.32
 3.994  1.39  1.86e+07   2.25
 3.988  1.37  3.76e+07   2.21
 3.966  1.34  1.60e+08   2.13
 3.988  1.36  1.84e+07   2.20
 3.988  1.34 -6.75e+06   2.18
 3.988  1.31 -3.85e+07   2.16
 3.927  1.24  3.46e+08   1.99
 3.994  1.31 -8.23e+07   2.18
 3.994  1.31 -8.23e+07   2.18
 4.000  1.30 -1.41e+08   2.19
 3.927  1.18  3.02e+08   1.93
 4.000  1.26 -2.01e+08   2.15
 3.975  1.23 -6.64e+07   2.07
 3.981  1.23 -1.17e+08   2.08
 3.936  1.11  1.00e+08   1.89
 3.975  1.12 -2.54e+08   1.99
 3.914  1.02  2.14e+08   1.78
 3.743  2.89  4.36e+07   5.85
 3.743  2.89  7.56e+07   5.05
 3.743  2.89  9.44e+07   4.81
 3.625  2.29  1.60e+08   3.44
 3.625  2.29  1.70e+08   3.42
 3.625  2.29  3.41e+08   3.09
 3.588  2.27  1.19e+09   1.90
 3.771  1.72  3.12e+08   2.68
 3.672  1.73  2.10e+08   3.08
 3.888  1.53  5.74e+08   2.14
 3.660  1.69  2.66e+08   2.84
 3.660  1.69  3.00e+08   2.81
 3.660  1.69  4.25e+08   2.67
 3.640  1.69  5.40e+08   2.27
 3.640  1.69  5.45e+08   2.27
 3.640  1.69  7.52e+08   2.24
 3.613  1.77  2.04e+09   1.52
 3.658  1.61  3.60e+08   2.57
 3.658  1.61  3.91e+08   2.56
 3.658  1.61  6.04e+08   2.42
 3.668  1.56  3.14e+08   2.68
 3.668  1.56  3.71e+08   2.63
 3.668  1.56  3.75e+08   2.63
 3.672  1.55  3.10e+08   2.70
 3.640  1.63  6.40e+08   2.15
 3.640  1.63  6.42e+08   2.15
 3.640  1.63  8.36e+08   2.14
 3.652  1.56  4.87e+08   2.33
 3.652  1.56  5.08e+08   2.33
 3.652  1.56  7.28e+08   2.25
 3.662  1.47  4.54e+08   2.38
 3.662  1.47  4.89e+08   2.38
 3.662  1.47  6.88e+08   2.27
 3.674  1.43  3.99e+08   2.48
 3.650  1.39  8.43e+08   1.96
 3.650  1.39  8.50e+08   1.96
 3.650  1.39  1.06e+09   1.94
 3.664  1.35  5.89e+08   2.19
 3.664  1.35  6.23e+08   2.19
 3.664  1.35  8.46e+08   2.10
 3.690  1.29  4.86e+08   2.32
 3.702  1.22  6.26e+08   2.13
 3.644  1.29  2.08e+09   1.49
 3.742  1.09  1.10e+09   1.76
 3.770  1.05  1.35e+09   1.63
 3.789  1.03  1.39e+09   1.60
 3.670  1.17  7.96e+08   1.98
 3.670  1.17  8.32e+08   1.99
 3.670  1.17  9.86e+08   1.94
 3.809  1.00  1.47e+09   1.55
 3.680  1.12  7.62e+08   2.00
 3.831  0.95  1.41e+09   1.53
 3.706  1.04  9.69e+08   1.84
 3.672  1.08  9.47e+08   1.87
 3.672  1.08  9.88e+08   1.88
 3.672  1.08  1.12e+09   1.84
 3.708  1.00  1.07e+09   1.78
 3.709  0.99  1.11e+09   1.76
 3.791  0.91  1.76e+09   1.47
 3.686  1.02  9.17e+08   1.88
 3.766  0.91  1.79e+09   1.48
 3.710  0.92  1.31e+09   1.66
 3.676  0.97  1.14e+09   1.76
 3.676  0.97  1.20e+09   1.76
 3.676  0.97  1.23e+09   1.76
 3.766  0.82  2.22e+09   1.39
 3.825  0.79  1.06e+09   1.52
 3.825  0.79  1.35e+09   1.47
 3.825  0.79  1.79e+09   1.40
 3.828  0.79  1.01e+09   1.52
 3.828  0.79  1.42e+09   1.45
 3.828  0.79  1.72e+09   1.41
 3.745  0.83  2.21e+09   1.41
 3.816  0.78  1.20e+09   1.51
 3.816  0.78  1.20e+09   1.51
 3.816  0.78  1.99e+09   1.38
 3.670  0.94  1.42e+09   1.65
 3.670  0.94  1.46e+09   1.65
 3.670  0.94  1.61e+09   1.62
 3.690  0.89  1.19e+09   1.73
 3.770  0.75  2.62e+09   1.33
 3.686  0.86  1.33e+09   1.67
 3.715  0.78  1.94e+09   1.47
 3.684  0.83  1.43e+09   1.63
 3.750  0.71  2.94e+09   1.30
 3.800  0.67  2.69e+09   1.28
 3.828  0.65  1.02e+09   1.41
 3.693  0.76  1.63e+09   1.56
 3.658  0.83  4.00e+09   1.24
 3.789  0.64  3.06e+09   1.25
 3.726  0.69  2.90e+09   1.31
 3.775  0.65  3.27e+09   1.25
 3.900  0.62 -9.61e+08   1.51
 3.676  0.77  1.88e+09   1.50
 3.676  0.77  1.92e+09   1.50
 3.676  0.77  2.01e+09   1.48
 3.672  0.75  2.31e+09   1.42
 3.672  0.75  2.35e+09   1.42
 3.672  0.75  2.47e+09   1.40
 3.764  0.61  3.64e+09   1.22
 3.697  0.67  2.25e+09   1.41
 3.687  0.69  1.93e+09   1.48
 3.789  0.57  3.40e+09   1.21
 3.678  0.70  2.19e+09   1.44
 3.678  0.70  2.22e+09   1.45
 3.678  0.70  2.26e+09   1.44
 3.764  0.57  3.98e+09   1.19
 3.791  0.55  2.24e+09   1.28
 3.791  0.55  2.62e+09   1.25
 3.791  0.55  3.46e+09   1.20
 3.730  0.59  4.08e+09   1.20
 3.803  0.53  1.72e+09   1.29
 3.764  0.54  4.26e+09   1.16
 3.690  0.64  2.34e+09   1.40
 3.752  0.54  4.36e+09   1.16
 3.678  0.65  2.63e+09   1.37
 3.678  0.65  2.66e+09   1.38
 3.678  0.65  2.68e+09   1.37
 3.775  0.50  4.23e+09   1.15
 3.702  0.58  3.40e+09   1.26
 3.825  0.48  7.49e+08   1.29
 3.816  0.48  1.13e+09   1.27
 3.750  0.50  4.78e+09   1.13
 3.847  0.46 -3.09e+08   1.33
 3.755  0.47  5.05e+09   1.11
 3.770  0.46  4.70e+09   1.12
 3.770  0.45  4.73e+09   1.11
 3.816  0.42  9.05e+08   1.25
 3.773  0.44  4.74e+09   1.11
 3.755  0.44  5.43e+09   1.09
 3.777  0.42  3.11e+09   1.17
 3.777  0.42  3.79e+09   1.15
 3.777  0.42  4.58e+09   1.11
 3.705  0.49  4.69e+09   1.16
 3.764  0.42  5.22e+09   1.09
 3.752  0.43  5.56e+09   1.08
 3.752  0.43  5.60e+09   1.08
 3.795  0.40  1.91e+09   1.20
 3.773  0.41  3.48e+09   1.16
 3.773  0.41  3.84e+09   1.14
 3.773  0.41  4.93e+09   1.09
 3.761  0.42  5.37e+09   1.08
 3.766  0.41  5.23e+09   1.09
 3.764  0.41  5.35e+09   1.08
 3.748  0.42  5.79e+09   1.07
 3.777  0.39  3.09e+09   1.16
 3.777  0.39  4.29e+09   1.12
 3.777  0.39  4.70e+09   1.10
 3.757  0.40  5.72e+09   1.07
 3.757  0.40  5.72e+09   1.07
 3.761  0.39  5.57e+09   1.07
 3.766  0.39  5.42e+09   1.07
 3.800  0.37  1.52e+09   1.19
 3.777  0.38  3.07e+09   1.15
 3.777  0.38  4.55e+09   1.10
 3.777  0.38  4.75e+09   1.09
 3.775  0.37  3.26e+09   1.14
 3.775  0.37  4.53e+09   1.10
 3.775  0.37  4.91e+09   1.09
 3.773  0.37  3.46e+09   1.14
 3.773  0.37  4.50e+09   1.10
 3.773  0.37  5.08e+09   1.08
 3.773  0.37  3.46e+09   1.14
 3.773  0.37  4.50e+09   1.10
 3.773  0.37  5.08e+09   1.08
 3.759  0.38  5.80e+09   1.06
 3.806  0.35  1.08e+09   1.20
 3.766  0.37  4.13e+09   1.12
 3.766  0.37  4.28e+09   1.11
 3.766  0.37  5.54e+09   1.06
 3.761  0.37  5.74e+09   1.06
 3.770  0.36  3.66e+09   1.13
 3.770  0.36  4.54e+09   1.10
 3.770  0.36  5.27e+09   1.07
 3.755  0.37  6.11e+09   1.05
 3.766  0.36  4.12e+09   1.11
 3.766  0.36  4.42e+09   1.10
 3.766  0.36  5.61e+09   1.06
 3.739  0.39  6.39e+09   1.05
 3.803  0.34  1.18e+09   1.19
 3.798  0.34  1.54e+09   1.18
 3.764  0.36  4.38e+09   1.11
 3.764  0.36  4.39e+09   1.11
 3.764  0.36  5.74e+09   1.06
 3.768  0.35  3.87e+09   1.12
 3.768  0.35  4.65e+09   1.09
 3.768  0.35  5.48e+09   1.06
 3.716  0.41  6.54e+09   1.05
 3.768  0.34  3.86e+09   1.11
 3.768  0.34  4.87e+09   1.08
 3.768  0.34  5.53e+09   1.06
 3.766  0.34  4.10e+09   1.10
 3.766  0.34  4.77e+09   1.09
 3.766  0.34  5.70e+09   1.05
 3.793  0.32  1.76e+09   1.16
 3.777  0.33  2.97e+09   1.13
 3.770  0.33  3.60e+09   1.11
 3.770  0.33  5.17e+09   1.07
 3.770  0.33  5.42e+09   1.06
 3.793  0.31  1.69e+09   1.15
 3.786  0.31  2.18e+09   1.14
 3.777  0.32  2.94e+09   1.12
 3.764  0.32  4.34e+09   1.09
 3.764  0.32  5.05e+09   1.07
 3.764  0.32  5.97e+09   1.04
 3.768  0.32  3.81e+09   1.10
 3.768  0.32  5.30e+09   1.06
 3.768  0.32  5.64e+09   1.05
 3.803  0.29  8.90e+08   1.17
 3.773  0.31  3.33e+09   1.11
 3.780  0.30  2.70e+09   1.12
 3.761  0.31  4.58e+09   1.08
 3.761  0.31  5.33e+09   1.06
 3.761  0.31  6.25e+09   1.03
 3.831  0.27 -1.04e+09   1.22
 3.786  0.28  2.04e+09   1.13
 3.795  0.28  1.31e+09   1.15
 3.791  0.27  1.62e+09   1.13
 3.806  0.26  3.41e+08   1.16
 3.739  0.29  7.77e+09   0.99
 3.768  0.27  3.64e+09   1.08
 3.770  0.25  3.34e+09   1.08
 3.770  0.24  3.30e+09   1.08
 3.780  0.24  2.33e+09   1.09
 3.766  0.23  3.74e+09   1.06
 3.766  0.22  3.67e+09   1.05
 3.963  0.24 -4.68e+09   1.43
 3.782  0.19  1.79e+09   1.08
 3.766  0.20  3.55e+09   1.05
 3.850  0.13 -3.26e+09   1.21
 4.300  4.41  1.13e+07  13.13
 4.267  4.16  1.35e+07  10.97
 4.300  4.23  1.29e+07  11.52
 4.283  4.07  1.45e+07  10.23
 4.325  4.00  1.38e+07  10.17
 4.325  4.00  1.46e+07   9.99
 4.325  4.00  1.56e+07   9.71
 4.267  3.77  2.11e+07   8.29
 4.300  3.76  1.66e+07   8.78
 4.300  3.76  2.04e+07   8.37
 4.300  3.76  2.10e+07   8.28
 4.250  3.60  2.58e+07   7.43
 4.267  3.58  2.12e+07   7.81
 4.267  3.58  2.45e+07   7.55
 4.267  3.58  2.59e+07   7.39
 4.267  3.57  2.11e+07   7.75
 4.267  3.57  2.52e+07   7.45
 4.267  3.57  2.64e+07   7.31
 4.238  3.47  2.63e+07   7.17
 4.238  3.47  2.69e+07   7.14
 4.238  3.47  3.02e+07   6.84
 4.350  3.74  9.31e+06   9.20
 4.267  3.40  2.04e+07   7.11
 4.283  3.42  1.68e+07   7.30
 4.250  3.32  2.35e+07   6.73
 4.225  3.24  2.90e+07   6.35
 4.225  3.24  3.94e+07   5.99
 4.225  3.24  3.97e+07   5.98
 4.250  3.25  2.25e+07   6.51
 4.250  3.24  2.24e+07   6.50
 4.238  3.20  2.54e+07   6.30
 4.250  3.17  2.09e+07   6.29
 4.250  3.15  2.02e+07   6.23
 4.250  3.15  2.00e+07   6.22
 4.250  3.12  1.90e+07   6.16
 4.200  3.00  3.49e+07   5.52
 4.183  2.91  4.01e+07   5.23
 4.225  3.01  2.53e+07   5.67
 4.200  2.93  3.34e+07   5.33
 4.225  2.96  2.30e+07   5.56
 4.212  2.87  2.50e+07   5.27
 4.212  2.86  2.43e+07   5.24
 4.200  2.80  2.82e+07   5.03
 4.150  2.64  5.12e+07   4.47
 4.183  2.72  3.34e+07   4.76
 4.200  2.74  2.38e+07   4.89
 4.212  2.73  1.27e+07   4.96
 4.200  2.67  1.63e+07   4.77
 4.133  2.51  5.72e+07   4.14
 4.133  2.51  5.72e+07   4.14
 4.212  2.66  3.97e+06   4.84
 4.133  2.46  5.46e+07   4.06
 4.117  2.40  6.55e+07   3.89
 4.167  2.51  2.75e+07   4.28
 4.150  2.45  3.66e+07   4.10
 4.117  2.33  6.02e+07   3.77
 4.167  2.45  1.63e+07   4.18
 4.200  2.51 -8.77e+06   4.49
 4.075  2.22  9.80e+07   3.47
 4.167  2.39  6.13e+06   4.10
 4.087  2.21  8.24e+07   3.48
 4.150  2.32  1.19e+07   3.89
 4.133  2.26  2.42e+07   3.72
 4.133  2.24  1.92e+07   3.69
 4.117  2.17  3.17e+07   3.52
 4.117  2.16  2.72e+07   3.50
 4.050  1.95  1.07e+08   2.99
 4.117  2.08  3.68e+06   3.39
 4.075  1.96  5.91e+07   3.07
 4.075  1.93  4.76e+07   3.03
 4.075  1.88  2.35e+07   2.97
 4.087  1.88 -6.76e+06   3.02
 4.062  1.82  3.17e+07   2.86
 4.075  1.84  3.98e+06   2.92
 4.167  2.03 -9.86e+07   3.57
 4.062  1.76  3.10e+06   2.80
 4.050  1.73  2.74e+07   2.73
 4.062  1.74 -8.87e+06   2.78
 4.040  1.68  3.06e+07   2.64
 4.062  1.70 -3.72e+07   2.73
 4.050  1.66 -1.74e+07   2.66
 4.050  1.56 -1.01e+08   2.56
 3.914  1.37  4.52e+08   2.12
 3.914  1.37  4.79e+08   2.10
 3.914  1.37  6.34e+08   1.98
 3.688  1.39  3.90e+08   2.50
 3.905  1.25  4.85e+08   1.98
 3.905  1.25  6.95e+08   1.87
 3.905  1.25  7.16e+08   1.86
 3.690  1.36  4.17e+08   2.44
 3.969  1.23 -1.39e+07   2.05
 3.900  1.16  4.91e+08   1.89
 3.700  1.26  5.66e+08   2.20
 3.837  1.15  1.10e+09   1.70
 3.664  1.33  6.21e+08   2.15
 3.664  1.33  6.55e+08   2.16
 3.664  1.33  8.85e+08   2.07
 3.712  1.21  6.91e+08   2.06
 3.682  1.26  5.43e+08   2.24
 3.694  1.23  5.81e+08   2.19
 3.664  1.25  7.73e+08   2.00
 3.664  1.25  8.05e+08   2.01
 3.664  1.25  1.03e+09   1.94
 3.896  1.06  4.65e+08   1.79
 3.873  1.05  6.52e+08   1.77
 3.873  1.05  9.46e+08   1.67
 3.873  1.05  9.72e+08   1.66
 3.664  1.20  8.65e+08   1.93
 3.664  1.20  8.98e+08   1.94
 3.664  1.20  1.12e+09   1.88
 3.642  1.26  2.64e+09   1.40
 3.680  1.16  7.03e+08   2.06
 3.881  1.00  5.61e+08   1.73
 3.621  1.32  8.82e+09   1.01
 3.690  1.11  7.20e+08   2.04
 3.678  1.12  7.73e+08   1.99
 3.892  0.93  3.39e+08   1.68
 3.682  1.06  8.68e+08   1.92
 3.873  0.91  5.56e+08   1.64
 3.837  0.87  9.40e+08   1.59
 3.837  0.87  1.15e+09   1.54
 3.837  0.87  1.42e+09   1.48
 3.873  0.86  4.88e+08   1.61
 3.819  0.85  1.74e+09   1.44
 3.918  0.87 -2.60e+08   1.69
 3.831  0.83  1.00e+09   1.56
 3.831  0.83  1.20e+09   1.52
 3.831  0.83  1.59e+09   1.44
 3.806  0.84  1.95e+09   1.41
 3.862  0.81  5.70e+08   1.55
 3.862  0.80  5.54e+08   1.55
 3.831  0.80  9.79e+08   1.53
 3.831  0.80  1.38e+09   1.46
 3.831  0.80  1.63e+09   1.43
 3.847  0.80  7.66e+08   1.53
 3.877  0.80  2.57e+08   1.56
 3.892  0.75 -2.04e+08   1.57
 3.869  0.73  1.79e+08   1.51
 3.822  0.73  1.12e+09   1.47
 3.822  0.73  1.70e+09   1.39
 3.822  0.73  1.96e+09   1.36
 3.789  0.72  2.68e+09   1.31
 3.775  0.73  2.75e+09   1.31
 3.795  0.71  2.60e+09   1.31
 3.865  0.70  1.73e+08   1.49
 3.850  0.69  5.64e+08   1.46
 3.770  0.70  2.91e+09   1.29
 3.828  0.68  1.03e+09   1.42
 3.768  0.70  2.97e+09   1.28
 3.858  0.66  2.64e+08   1.45
 3.782  0.69  2.96e+09   1.28
 3.806  0.67  1.54e+09   1.40
 3.806  0.67  1.80e+09   1.37
 3.806  0.67  2.54e+09   1.29
 3.766  0.66  3.23e+09   1.26
 3.800  0.64  1.76e+09   1.36
 3.800  0.64  1.90e+09   1.35
 3.800  0.64  2.80e+09   1.26
 3.825  0.63  1.08e+09   1.38
 3.847  0.61  4.22e+08   1.40
 3.775  0.63  3.40e+09   1.23
 3.806  0.61  1.59e+09   1.35
 3.806  0.61  2.32e+09   1.29
 3.806  0.61  2.66e+09   1.26
 3.780  0.62  3.38e+09   1.23
 3.752  0.63  3.59e+09   1.23
 3.768  0.61  3.63e+09   1.21
 3.795  0.59  1.99e+09   1.32
 3.795  0.59  2.25e+09   1.30
 3.795  0.59  3.13e+09   1.23
 3.764  0.61  3.67e+09   1.21
 3.791  0.59  3.24e+09   1.22
 3.757  0.61  3.69e+09   1.21
 3.723  0.64  3.38e+09   1.26
 3.764  0.60  3.74e+09   1.21
 3.752  0.60  3.80e+09   1.21
 3.768  0.59  3.82e+09   1.20
 3.773  0.58  3.79e+09   1.19
 3.741  0.59  3.99e+09   1.20
 3.727  0.61  3.84e+09   1.22
 3.755  0.56  4.16e+09   1.18
 3.745  0.57  4.20e+09   1.18
 3.761  0.55  4.20e+09   1.17
 3.777  0.54  3.92e+09   1.17
 3.777  0.53  3.97e+09   1.17
 3.741  0.55  4.43e+09   1.16
 3.757  0.52  4.58e+09   1.14
 3.727  0.55  4.59e+09   1.16
 4.212  3.59  2.63e+07   7.38
 4.250  3.58  2.64e+07   7.33
 3.616  3.29  2.42e+07   7.78
 3.616  3.29  3.66e+07   6.81
 3.616  3.29  4.93e+07   6.31
 4.267  3.45  2.08e+07   7.30
 4.225  3.30  2.90e+07   6.54
 4.225  3.30  3.50e+07   6.31
 4.225  3.30  3.71e+07   6.19
 4.267  3.24  1.72e+07   6.62
 4.225  3.09  2.75e+07   5.91
 4.150  2.89  5.26e+07   5.06
 4.150  2.89  5.41e+07   5.04
 4.150  2.89  6.40e+07   4.81
 4.200  3.00  3.50e+07   5.54
 4.167  2.78  4.56e+07   4.83
 4.200  2.78  2.69e+07   4.99
 4.062  2.42  1.30e+08   3.62
 4.117  2.47  6.90e+07   4.03
 4.050  2.33  1.50e+08   3.42
 4.133  2.42  5.07e+07   3.98
 4.117  2.37  6.32e+07   3.83
 4.117  2.28  5.25e+07   3.68
 4.062  2.10  1.06e+08   3.25
 4.117  2.21  4.22e+07   3.57
 4.087  2.13  7.24e+07   3.35
 4.117  2.16  2.83e+07   3.50
 4.100  2.08  3.83e+07   3.32
 4.075  2.02  7.26e+07   3.15
 4.100  2.06  3.31e+07   3.30
 4.050  1.94  1.06e+08   2.97
 4.040  1.92  1.23e+08   2.93
 4.087  1.96  2.55e+07   3.11
 4.087  1.96  2.39e+07   3.11
 4.062  1.90  6.74e+07   2.95
 4.050  1.83  7.68e+07   2.83
 4.030  1.78  1.17e+08   2.73
 4.040  1.76  8.06e+07   2.73
 4.000  1.67  1.76e+08   2.54
 4.040  1.71  5.12e+07   2.67
 3.694  1.62  2.42e+08   2.92
 3.727  1.56  3.61e+08   2.56
 3.740  1.52  4.29e+08   2.41
 3.688  1.59  2.46e+08   2.90
 3.813  1.42  6.74e+08   2.05
 3.704  1.46  3.77e+08   2.52
 3.690  1.47  3.28e+08   2.64
 3.704  1.39  4.40e+08   2.40
 3.699  1.35  4.62e+08   2.36
 3.969  1.24  1.08e+07   2.06
 3.800  1.16  1.10e+09   1.73
 3.823  1.12  1.18e+09   1.68
 3.806  1.11  1.22e+09   1.67
 3.813  1.10  1.23e+09   1.66
 3.831  1.06  1.27e+09   1.62
 3.806  1.07  1.30e+09   1.63
 3.811  1.06  1.33e+09   1.61
 3.819  1.04  1.35e+09   1.59
 3.822  1.03  1.37e+09   1.58
 3.806  1.01  1.43e+09   1.57
 3.816  1.01  1.42e+09   1.57
 3.833  1.00  1.34e+09   1.56
 3.819  0.98  1.47e+09   1.54
 3.822  0.98  1.46e+09   1.54
 3.822  0.97  1.46e+09   1.53
 3.834  0.92  1.41e+09   1.51
 3.822  0.91  1.56e+09   1.49
 3.822  0.91  1.57e+09   1.48
 3.825  0.88  1.59e+09   1.47
 3.841  0.86  8.92e+08   1.58
 3.841  0.86  1.24e+09   1.50
 3.841  0.86  1.37e+09   1.48
 3.819  0.81  1.88e+09   1.40
 3.816  0.72  1.25e+09   1.45
 3.816  0.72  1.60e+09   1.41
 3.816  0.72  2.14e+09   1.34
 3.834  0.71  9.11e+08   1.46
 3.831  0.69  9.70e+08   1.44
 3.825  0.61  1.07e+09   1.37
 3.813  0.60  1.42e+09   1.35
 3.816  0.60  1.33e+09   1.35
 3.822  0.57  1.11e+09   1.34
 3.819  0.53  1.14e+09   1.31
 3.803  0.51  1.71e+09   1.27
 3.816  0.43  9.74e+08   1.25
 3.803  0.38  1.40e+09   1.21
 3.809  0.38  1.02e+09   1.21
 3.822  0.19 -1.29e+09   1.18
 3.775  0.18  2.35e+09   1.06
 4.079  2.50  1.16e+08   3.79
 4.062  2.34  1.44e+08   3.46
 4.082  2.35  9.42e+07   3.72
 4.065  2.26  1.09e+08   3.53
 4.065  2.26  1.47e+08   3.37
 4.065  2.26  1.55e+08   3.33
 4.019  2.18  1.90e+08   3.12
 4.040  2.19  1.77e+08   3.17
 4.074  2.25  1.00e+08   3.53
 4.010  2.04  2.29e+08   2.89
 4.042  2.06  1.32e+08   3.16
 4.100  2.16  5.64e+07   3.43
 4.074  2.07  8.52e+07   3.22
 4.017  1.85  1.61e+08   2.80
 4.021  1.85  1.53e+08   2.80
 4.010  1.73  1.60e+08   2.63
 4.036  1.74  8.40e+07   2.69
 3.941  1.58  4.69e+08   2.22
 3.983  1.56  2.04e+08   2.39
 3.971  1.53  2.38e+08   2.34
 3.972  1.50  2.26e+08   2.31
 3.975  1.44  1.84e+08   2.25
 3.959  1.38  2.34e+08   2.16
 3.954  1.37  2.54e+08   2.14
 3.960  1.36  2.17e+08   2.15
 3.927  1.28  3.64e+08   2.02
 3.927  1.28  3.65e+08   2.02
 3.944  1.29  2.66e+08   2.05
 3.928  1.26  3.47e+08   2.00
 3.894  1.14  5.26e+08   1.87
 3.896  1.07  4.68e+08   1.80
 3.947  1.10 -3.00e+07   1.91
 3.847  1.00  1.23e+09   1.58
 3.868  0.96  6.55e+08   1.69
 3.865  0.95  6.78e+08   1.67
 3.865  0.85  5.92e+08   1.59
 3.854  0.85  7.34e+08   1.58
 3.842  0.85  8.70e+08   1.58
 3.842  0.85  1.28e+09   1.49
 3.842  0.85  1.34e+09   1.48
 3.862  0.85  6.26e+08   1.58
 3.862  0.83  6.10e+08   1.57
 3.893  0.73 -3.14e+08   1.56
 3.825  0.66  1.10e+09   1.41
 3.825  0.66  1.09e+09   1.41
 3.778  0.58  3.65e+09   1.20
 4.375  4.70  9.03e+06  16.31
 4.010  3.52  2.56e+07   7.53
 3.645  3.15  2.96e+07   7.00
 3.645  3.15  4.60e+07   6.17
 3.645  3.15  6.59e+07   5.60
 3.759  2.86  4.64e+07   5.68
 3.759  2.86  8.09e+07   4.92
 3.759  2.86  9.76e+07   4.73
 3.702  1.75  2.02e+08   3.12
 3.756  1.60  3.86e+08   2.50
 3.963  1.60  2.78e+08   2.42
 3.822  1.54  5.36e+08   2.22
 3.773  1.54  4.68e+08   2.34
 3.767  1.51  4.85e+08   2.31
 4.030  1.59  9.56e+06   2.53
 3.715  1.52  3.56e+08   2.57
 4.030  1.59  9.56e+06   2.53
 3.927  1.44  3.94e+08   2.20
 3.927  1.44  4.63e+08   2.14
 3.927  1.44  5.60e+08   2.06
 3.905  1.40  6.52e+08   1.99
 3.710  1.49  3.68e+08   2.54
 3.708  1.49  3.64e+08   2.55
 3.963  1.42  2.35e+08   2.20
 3.715  1.43  4.41e+08   2.39
 3.881  1.32  7.87e+08   1.89
 3.715  1.39  4.82e+08   2.32
 3.769  1.32  7.50e+08   1.99
 3.704  1.35  4.81e+08   2.33
 3.725  1.32  6.11e+08   2.14
 3.963  1.29  1.33e+08   2.09
 3.896  1.24  5.33e+08   1.96
 3.896  1.24  6.45e+08   1.90
 3.896  1.24  7.66e+08   1.84
 3.950  1.26  2.01e+08   2.04
 3.950  1.26  2.01e+08   2.04
 3.712  1.29  5.78e+08   2.19
 3.793  1.21  9.95e+08   1.80
 3.728  1.26  7.09e+08   2.04
 3.732  1.25  7.37e+08   2.01
 3.945  1.22  1.93e+08   1.99
 3.717  1.25  6.62e+08   2.09
 3.700  1.26  5.60e+08   2.21
 3.737  1.22  8.12e+08   1.95
 3.755  1.19  9.42e+08   1.85
 3.737  1.18  8.70e+08   1.90
 4.030  1.27 -3.65e+08   2.24
 3.873  1.11  6.71e+08   1.82
 3.873  1.11  7.59e+08   1.79
 3.873  1.11  9.61e+08   1.70
 3.844  1.10  1.15e+09   1.66
 3.744  1.15  9.86e+08   1.82
 3.877  1.10  6.37e+08   1.81
 3.877  1.10  8.35e+08   1.74
 3.877  1.10  9.32e+08   1.70
 3.918  1.11  3.08e+08   1.86
 3.834  1.07  1.24e+09   1.63
 3.786  1.09  1.25e+09   1.66
 3.896  1.08  4.74e+08   1.80
 3.888  1.05  5.24e+08   1.77
 3.862  0.99  7.32e+08   1.70
 3.862  0.99  1.02e+09   1.62
 3.862  0.99  1.09e+09   1.60
 3.828  0.95  1.43e+09   1.53
 3.854  0.94  7.89e+08   1.66
 3.854  0.94  1.09e+09   1.58
 3.854  0.94  1.17e+09   1.56
 3.892  0.93  3.46e+08   1.68
 3.837  0.92  9.62e+08   1.63
 3.837  0.92  9.69e+08   1.63
 3.837  0.92  1.38e+09   1.51
 3.932  0.93 -2.65e+08   1.75
 3.850  0.90  8.08e+08   1.62
 3.850  0.90  1.21e+09   1.53
 3.850  0.90  1.22e+09   1.52
 3.941  0.91 -4.32e+08   1.76
 3.816  0.88  1.73e+09   1.45
 3.873  0.86  4.81e+08   1.60
 3.881  0.86  3.62e+08   1.61
 3.888  0.84  1.72e+08   1.61
 3.841  0.83  8.80e+08   1.56
 3.841  0.83  1.36e+09   1.47
 3.841  0.83  1.40e+09   1.47
 3.777  0.85  2.05e+09   1.42
 3.800  0.82  2.09e+09   1.40
 3.850  0.80  7.30e+08   1.54
 3.854  0.77  6.19e+08   1.52
 3.869  0.76  2.98e+08   1.53
 3.841  0.75  8.08e+08   1.49
 3.847  0.75  7.05e+08   1.50
 3.773  0.78  2.46e+09   1.35
 3.885  0.75 -8.67e+07   1.55
 3.850  0.73  6.27e+08   1.49
 3.822  0.72  1.13e+09   1.46
 3.822  0.72  1.76e+09   1.38
 3.822  0.72  1.97e+09   1.36
 3.885  0.71 -2.15e+08   1.53
 3.869  0.70  7.35e+07   1.50
 3.847  0.69  6.36e+08   1.45
 3.900  0.70 -5.76e+08   1.55
 3.745  0.73  2.83e+09   1.31
 3.888  0.67 -5.03e+08   1.51
 3.803  0.66  1.64e+09   1.39
 3.803  0.66  1.78e+09   1.37
 3.803  0.66  2.64e+09   1.28
 3.834  0.61  8.04e+08   1.38
 3.793  0.62  3.07e+09   1.24
 3.789  0.62  3.18e+09   1.24
 3.764  0.63  3.51e+09   1.23
 3.914  0.60 -1.33e+09   1.52
 3.914  0.59 -1.35e+09   1.52
 3.800  0.58  1.82e+09   1.32
 3.800  0.58  2.46e+09   1.27
 3.800  0.58  2.96e+09   1.23
 3.858  0.57 -1.34e+08   1.40
 3.837  0.56  5.58e+08   1.36
 3.850  0.54  5.00e+06   1.37
 3.900  0.54 -1.38e+09   1.47
 3.816  0.54  1.27e+09   1.31
 3.798  0.52  1.94e+09   1.27
 3.798  0.52  3.17e+09   1.20
 3.798  0.52  3.22e+09   1.20
 3.750  0.53  4.53e+09   1.15
 3.819  0.49  1.04e+09   1.29
 3.819  0.47  9.85e+08   1.28
 3.834  0.46  2.12e+08   1.30
 3.831  0.45  3.16e+08   1.29
 3.739  0.49  5.03e+09   1.12
 3.780  0.46  2.94e+09   1.20
 3.780  0.46  3.30e+09   1.18
 3.780  0.46  4.30e+09   1.13
 3.711  0.51  4.59e+09   1.16
 3.784  0.44  2.64e+09   1.20
 3.784  0.44  3.83e+09   1.15
 3.784  0.44  4.13e+09   1.13
 3.775  0.42  3.29e+09   1.17
 3.775  0.42  3.75e+09   1.15
 3.775  0.42  4.73e+09   1.10
 3.770  0.42  4.93e+09   1.10
 3.858  0.38 -1.24e+09   1.32
 3.775  0.40  3.28e+09   1.16
 3.775  0.40  4.07e+09   1.13
 3.775  0.40  4.81e+09   1.10
 3.909  0.37 -2.69e+09   1.40
 3.750  0.40  5.96e+09   1.06
 3.768  0.37  3.89e+09   1.12
 3.768  0.37  4.44e+09   1.10
 3.768  0.37  5.43e+09   1.07
 3.752  0.37  6.25e+09   1.05
 3.834  0.33 -7.20e+08   1.25
 3.819  0.32  7.56e+07   1.21
 3.732  0.38  6.72e+09   1.04
 3.725  0.38  6.88e+09   1.04
 3.761  0.33  4.63e+09   1.09
 3.761  0.33  4.80e+09   1.08
 3.761  0.33  6.08e+09   1.04
 3.757  0.33  6.34e+09   1.03
 3.752  0.33  6.60e+09   1.03
 3.786  0.31  2.16e+09   1.14
 3.869  0.26 -2.58e+09   1.29
 3.720  0.33  7.70e+09   1.01
 3.841  0.25 -1.64e+09   1.23
 3.809  0.19 -5.55e+08   1.15
 3.759  0.19  4.38e+09   1.02
 3.806  0.16 -6.31e+08   1.13
 3.770  0.08  1.83e+09   1.02
 3.755  0.06  3.88e+09   0.98
 3.708  2.21  1.05e+08   4.04
 3.708  2.21  1.58e+08   3.67
 3.708  2.21  1.90e+08   3.56
 3.668  1.93  1.53e+08   3.49
 3.668  1.93  2.09e+08   3.23
 3.668  1.93  2.73e+08   3.10
 3.686  1.80  1.76e+08   3.30
 3.638  1.82  3.98e+08   2.50
 3.638  1.82  4.05e+08   2.50
 3.638  1.82  6.06e+08   2.44
 3.831  1.51  5.76e+08   2.16
 3.775  1.53  4.78e+08   2.32
 3.692  1.59  2.55e+08   2.87
 3.664  1.63  2.79e+08   2.79
 3.664  1.63  3.30e+08   2.73
 3.664  1.63  3.98e+08   2.65
 3.621  1.68  1.88e+09   1.57
 3.791  1.34  7.64e+08   1.97
 3.694  1.35  4.40e+08   2.40
 3.819  1.23  9.77e+08   1.80
 3.670  1.37  4.76e+08   2.34
 3.670  1.37  5.47e+08   2.30
 3.670  1.37  5.75e+08   2.28
 3.710  1.28  5.92e+08   2.17
 3.627  1.48  2.88e+09   1.37
 3.748  0.09  5.50e+09   0.96
 4.167  3.62  2.49e+07   7.62
 4.050  3.15  4.36e+07   5.81
 4.225  3.47  3.04e+07   6.82
 4.200  3.22  3.54e+07   6.18
 4.200  3.22  3.62e+07   6.15
 4.200  3.22  4.14e+07   5.88
 4.400  3.70 -2.19e+06  10.04
 4.225  3.14  2.85e+07   6.05
 4.283  3.23  1.07e+07   6.75
 4.325  3.31 -9.54e+05   7.52
 4.237  3.07  2.20e+07   5.91
 4.300  2.89 -2.35e+07   6.15
 4.150  2.30  8.21e+06   3.87
 4.150  2.27  4.29e+05   3.82
 4.237  2.28 -8.98e+07   4.37
 4.183  2.10 -9.42e+07   3.75
 4.030  1.74  1.02e+08   2.68
 3.994  1.67  1.95e+08   2.54
 4.350  2.42 -1.04e+08   5.64
 4.040  1.70  4.88e+07   2.67
 4.375  2.47 -9.90e+07   6.05
 4.150  1.92 -1.25e+08   3.32
 4.183  1.99 -1.36e+08   3.59
 3.936  1.47  3.60e+08   2.24
 3.936  1.47  4.74e+08   2.14
 3.936  1.47  5.20e+08   2.10
 4.020  1.53  3.84e+06   2.44
 4.000  1.46  5.58e+07   2.33
 3.975  1.42  1.66e+08   2.22
 4.250  1.94 -2.20e+08   3.88
 4.010  1.38 -9.28e+07   2.28
 4.200  1.72 -3.07e+08   3.28
 3.936  1.24  2.79e+08   1.99
 3.936  1.21  2.53e+08   1.97
 3.918  1.14  3.35e+08   1.88
 3.896  1.10  4.90e+08   1.82
 3.885  1.06  5.64e+08   1.78
 4.062  2.27  1.12e+08   3.54
 4.062  2.27  1.37e+08   3.43
 4.062  2.27  1.55e+08   3.34
 4.000  1.94  2.62e+08   2.73
 4.150  2.21 -1.55e+07   3.73
 3.759  1.84  2.30e+08   2.97
 3.945  1.82  3.49e+08   2.53
 3.698  1.88  1.67e+08   3.36
 3.708  1.86  1.79e+08   3.27
 3.936  1.75  3.96e+08   2.42
 3.900  1.69  4.41e+08   2.35
 3.905  1.66  4.63e+08   2.30
 3.704  1.72  2.13e+08   3.06
 3.932  1.62  4.67e+08   2.26
 3.956  1.63  2.97e+08   2.45
 3.956  1.63  3.23e+08   2.42
 3.956  1.63  4.16e+08   2.30
 3.712  1.67  2.52e+08   2.88
 3.715  1.59  3.06e+08   2.70
 3.941  1.53  3.45e+08   2.31
 3.941  1.53  3.96e+08   2.26
 3.941  1.53  4.88e+08   2.17
 3.941  1.53  3.45e+08   2.31
 3.941  1.53  3.96e+08   2.26
 3.941  1.53  4.88e+08   2.17
 3.936  1.52  3.61e+08   2.30
 3.936  1.52  3.76e+08   2.28
 3.936  1.52  5.03e+08   2.15
 3.927  1.48  5.44e+08   2.10
 3.963  1.50  2.65e+08   2.30
 3.950  1.42  2.95e+08   2.19
 3.914  1.31  4.46e+08   2.05
 3.914  1.31  6.14e+08   1.95
 3.914  1.31  6.53e+08   1.93
 3.909  1.30  4.69e+08   2.04
 3.909  1.30  6.00e+08   1.96
 3.909  1.30  6.77e+08   1.91
 3.941  1.32  3.03e+08   2.08
 3.923  1.31  3.98e+08   2.05
 3.896  1.25  5.35e+08   1.97
 3.896  1.25  6.14e+08   1.93
 3.896  1.25  7.62e+08   1.84
 3.914  1.23  4.28e+08   1.97
 3.909  1.22  4.52e+08   1.95
 3.927  1.23  3.39e+08   1.98
 3.945  1.20  1.70e+08   1.98
 3.936  1.19  2.37e+08   1.95
 3.936  1.15  1.80e+08   1.92
 3.888  1.12  5.58e+08   1.84
 3.888  1.11  5.54e+08   1.83
 3.923  1.12  2.79e+08   1.87
 3.914  1.11  3.44e+08   1.85
 3.914  1.10  3.39e+08   1.84
 3.896  1.06  4.65e+08   1.79
 3.923  1.07  2.03e+08   1.83
 3.896  1.03  4.38e+08   1.76
 3.888  1.03  5.09e+08   1.76
 3.858  1.02  7.81e+08   1.73
 3.858  1.02  8.67e+08   1.70
 3.858  1.02  1.12e+09   1.61
 3.909  1.01  2.72e+08   1.76
 3.896  1.01  4.08e+08   1.74
 3.877  0.95  5.54e+08   1.68
 3.885  0.94  4.50e+08   1.67
 3.963  0.98 -4.62e+08   1.86
 3.905  0.92  1.02e+08   1.69
 3.869  0.89  5.82e+08   1.62
 3.905  0.89  2.28e+07   1.67
 3.834  0.83  9.56e+08   1.56
 3.834  0.83  1.28e+09   1.49
 3.834  0.83  1.53e+09   1.45
 3.854  0.81  6.88e+08   1.55
 3.881  0.80  1.92e+08   1.57
 3.869  0.74  2.25e+08   1.52
 3.825  0.73  1.07e+09   1.47
 3.825  0.73  1.75e+09   1.38
 3.825  0.73  1.87e+09   1.37
 3.850  0.72  6.10e+08   1.48
 3.869  0.72  1.64e+08   1.51
 3.841  0.71  7.93e+08   1.46
 3.858  0.68  3.34e+08   1.46
 3.854  0.66  3.81e+08   1.44
 3.858  0.66  2.64e+08   1.45
 3.803  0.62  1.68e+09   1.35
 3.803  0.62  2.14e+09   1.31
 3.803  0.62  2.75e+09   1.26
 3.837  0.60  6.81e+08   1.38
 3.813  0.58  1.41e+09   1.33
 3.828  0.56  8.85e+08   1.34
 3.834  0.51  4.50e+08   1.32
 3.822  0.49  9.21e+08   1.29
 3.795  0.49  2.04e+09   1.25
 3.806  0.27  4.49e+08   1.17
 3.803  0.23  2.78e+08   1.15
 3.777  0.23  2.50e+09   1.09
 3.795  0.21  7.30e+08   1.12
 3.822  0.18 -1.46e+09   1.17
 3.800  0.17 -9.55e+07   1.12
 3.775  0.16  2.20e+09   1.06
 3.761  0.17  3.90e+09   1.02
 3.795  0.12 -2.54e+08   1.10
 3.748  0.08  5.36e+09   0.96
 3.761 -0.02  1.62e+09   0.98
 3.828 -0.10 -5.46e+09   1.11
 3.773 -0.13 -2.07e+09   0.98
 3.750 -0.18  1.38e+08   0.92
 3.816 -0.25 -7.59e+09   1.05
 3.755 -0.23 -1.76e+09   0.92
 3.764 -0.27 -4.02e+09   0.94
 3.803 -0.29 -7.86e+09   1.02
 3.755 -0.27 -2.89e+09   0.92
 3.727 -0.24  3.77e+09   0.85
 3.743 -0.34 -3.02e+09   0.88
 3.653 -0.19  8.86e+10   0.53
 3.653 -0.19  9.09e+10   0.53
 3.653 -0.19  1.00e+11   0.51
 3.677 -0.57  1.29e+10   0.68
 3.675 -0.58  1.37e+10   0.67
 3.655 -0.74  1.94e+10   0.61
 3.570  3.04  1.88e+08   3.84
 3.756  2.45  8.19e+07   4.46
 3.756  2.45  1.29e+08   4.03
 3.756  2.45  1.31e+08   4.02
 3.618  2.75  5.78e+07   5.14
 3.618  2.75  7.33e+07   4.92
 3.618  2.75  1.52e+08   4.12
 3.981  2.47  1.20e+08   3.81
 3.674  2.53  6.02e+07   5.04
 3.674  2.53  1.04e+08   4.36
 3.674  2.53  1.79e+08   3.86
 3.628  2.67  5.93e+07   5.08
 3.628  2.67  8.00e+07   4.81
 3.628  2.67  1.76e+08   3.91
 3.950  2.40  1.31e+08   3.68
 4.000  2.44  1.28e+08   3.70
 3.941  2.37  1.38e+08   3.61
 3.923  2.35  1.39e+08   3.60
 3.994  2.42  1.32e+08   3.65
 4.000  2.42  1.31e+08   3.66
 3.623  2.64  6.79e+07   4.81
 3.623  2.64  8.60e+07   4.61
 3.623  2.64  1.91e+08   3.80
 3.988  2.40  1.34e+08   3.63
 3.652  2.53  5.88e+07   5.10
 3.652  2.53  1.00e+08   4.42
 3.652  2.53  1.99e+08   3.73
 3.721  2.39  8.34e+07   4.43
 3.721  2.39  1.32e+08   3.97
 3.721  2.39  1.66e+08   3.81
 3.975  2.38  1.38e+08   3.60
 3.936  2.31  1.50e+08   3.49
 3.923  2.29  1.55e+08   3.45
 3.608  2.62  1.09e+08   4.00
 3.608  2.62  1.14e+08   3.97
 3.608  2.62  2.18e+08   3.63
 3.625  2.56  7.83e+07   4.55
 3.625  2.56  9.69e+07   4.38
 3.625  2.56  2.22e+08   3.60
 3.650  2.45  6.96e+07   4.76
 3.650  2.45  1.09e+08   4.25
 3.650  2.45  2.25e+08   3.56
 3.936  2.26  1.63e+08   3.37
 3.956  2.28  1.61e+08   3.39
 3.668  2.38  7.37e+07   4.65
 3.668  2.38  1.23e+08   4.06
 3.668  2.38  2.23e+08   3.56
 3.994  2.29  1.64e+08   3.35
 3.678  2.34  8.07e+07   4.49
 3.678  2.34  1.32e+08   3.94
 3.678  2.34  2.25e+08   3.54
 3.975  2.25  1.71e+08   3.30
 4.030  2.32  1.56e+08   3.40
 4.000  2.27  1.69e+08   3.31
 3.668  2.34  7.80e+07   4.55
 3.668  2.34  1.29e+08   3.98
 3.668  2.34  2.33e+08   3.50
 4.000  2.26  1.71e+08   3.29
 4.000  2.26  1.71e+08   3.29
 3.690  2.28  9.07e+07   4.28
 3.690  2.28  1.44e+08   3.81
 3.690  2.28  2.21e+08   3.52
 3.731  2.21  1.14e+08   3.91
 3.969  2.21  1.83e+08   3.21
 3.956  2.19  1.86e+08   3.19
 3.660  2.33  7.79e+07   4.55
 3.660  2.33  1.28e+08   3.98
 3.660  2.33  2.46e+08   3.44
 4.075  2.36  1.00e+08   3.74
 4.075  2.36  1.16e+08   3.65
 4.075  2.36  1.36e+08   3.53
 3.678  2.28  8.75e+07   4.35
 3.678  2.28  1.41e+08   3.84
 3.678  2.28  2.38e+08   3.47
 3.690  2.25  9.46e+07   4.21
 3.690  2.25  1.48e+08   3.76
 3.690  2.25  2.22e+08   3.50
 4.000  2.22  1.84e+08   3.19
 3.652  2.33  8.53e+07   4.39
 3.652  2.33  1.27e+08   3.99
 3.652  2.33  2.58e+08   3.39
 3.927  2.14  1.98e+08   3.12
 3.975  2.18  1.93e+08   3.14
 3.674  2.27  8.85e+07   4.33
 3.674  2.27  1.43e+08   3.81
 3.674  2.27  2.46e+08   3.43
 3.988  2.18  1.95e+08   3.12
 4.020  2.22  1.80e+08   3.20
 4.000  2.18  1.96e+08   3.11
 3.963  2.13  2.07e+08   3.06
 4.000  2.18  1.97e+08   3.11
 3.956  2.11  2.13e+08   3.03
 3.994  2.15  2.06e+08   3.06
 3.994  2.12  2.15e+08   3.00
 3.988  2.11  2.21e+08   2.98
 3.994  2.11  2.18e+08   2.98
 3.994  2.10  2.21e+08   2.97
 4.075  2.22  9.82e+07   3.48
 4.050  2.17  1.24e+08   3.35
 4.050  2.17  1.68e+08   3.19
 4.050  2.17  1.77e+08   3.15
 3.945  2.01  2.52e+08   2.85
 3.994  2.06  2.31e+08   2.91
 3.994  2.04  2.40e+08   2.87
 3.994  2.02  2.44e+08   2.84
 3.956  1.94  2.91e+08   2.70
 4.000  1.99  2.48e+08   2.81
 3.994  1.98  2.56e+08   2.78
 3.994  1.97  2.59e+08   2.77
 4.075  2.10  8.68e+07   3.26
 4.000  1.96  2.57e+08   2.76
 4.000  1.95  2.58e+08   2.76
 3.969  1.91  2.98e+08   2.66
 4.050  2.02  1.17e+08   3.09
 4.030  1.98  1.45e+08   3.01
 3.963  1.87  3.20e+08   2.60
 3.988  1.89  2.88e+08   2.66
 3.994  1.90  2.78e+08   2.68
 4.030  1.95  1.44e+08   2.96
 4.020  1.93  1.60e+08   2.93
 4.062  2.00  9.38e+07   3.10
 3.975  1.86  3.13e+08   2.59
 4.133  2.13 -1.14e+07   3.54
 4.040  1.94  1.26e+08   2.97
 4.020  1.91  1.59e+08   2.89
 3.963  1.83  3.35e+08   2.54
 4.167  2.18 -4.71e+07   3.78
 4.010  1.87  1.76e+08   2.82
 4.010  1.86  1.76e+08   2.81
 3.988  1.82  2.18e+08   2.74
 3.988  1.82  2.39e+08   2.70
 3.988  1.82  3.06e+08   2.57
 3.963  1.79  3.49e+08   2.49
 3.988  1.82  2.18e+08   2.74
 3.988  1.82  2.39e+08   2.70
 3.988  1.82  3.06e+08   2.57
 3.994  1.82  2.06e+08   2.74
 3.994  1.82  2.80e+08   2.61
 3.994  1.82  2.99e+08   2.58
 4.000  1.82  1.94e+08   2.75
 3.969  1.78  3.45e+08   2.49
 4.062  1.92  7.41e+07   2.98
 4.040  1.88  1.16e+08   2.88
 4.030  1.87  1.36e+08   2.84
 4.062  1.92  7.41e+07   2.98
 3.994  1.78  2.06e+08   2.68
 3.981  1.76  2.33e+08   2.64
 3.981  1.76  2.89e+08   2.56
 3.981  1.76  3.33e+08   2.49
 4.000  1.77  1.92e+08   2.68
 4.010  1.76  1.66e+08   2.67
 4.100  1.92 -2.37e+07   3.11
 3.994  1.73  2.03e+08   2.62
 3.950  1.66  4.19e+08   2.32
 3.994  1.71  2.01e+08   2.59
 4.000  1.72  1.85e+08   2.60
 4.000  1.70  1.81e+08   2.57
 3.969  1.64  2.62e+08   2.48
 4.020  1.71  1.24e+08   2.62
 4.010  1.70  1.52e+08   2.59
 3.969  1.64  2.62e+08   2.47
 4.000  1.67  1.75e+08   2.54
 3.936  1.58  4.80e+08   2.22
 3.994  1.62  1.82e+08   2.47
 4.000  1.61  1.56e+08   2.47
 4.020  1.63  8.69e+07   2.54
 3.981  1.57  2.11e+08   2.40
 3.975  1.56  2.31e+08   2.37
 4.020  1.61  7.54e+07   2.52
 4.020  1.61  7.54e+07   2.52
 3.969  1.54  2.50e+08   2.34
 3.975  1.53  2.24e+08   2.35
 3.932  1.48  3.78e+08   2.25
 3.932  1.48  4.06e+08   2.23
 3.932  1.48  5.29e+08   2.11
 3.975  1.50  2.13e+08   2.31
 4.010  1.54  6.74e+07   2.42
 4.062  1.60 -1.17e+08   2.63
 4.030  1.54 -3.11e+07   2.48
 3.932  1.40  3.72e+08   2.16
 3.994  1.43  5.82e+07   2.28
 3.969  1.38  1.76e+08   2.18
 3.994  1.38 -7.76e+04   2.23
 3.945  1.30  2.67e+08   2.07
 4.000  1.35 -7.05e+07   2.23
 3.963  1.29  1.27e+08   2.08
 3.994  1.32 -6.60e+07   2.19
 3.945  1.19  1.51e+08   1.97
 3.956  1.18  2.86e+07   1.99
 4.087  2.54  1.08e+08   3.90
 4.040  2.10  1.35e+08   3.22
 4.040  2.10  1.88e+08   3.05
 4.040  2.10  1.94e+08   3.03
 4.075  2.14  9.15e+07   3.33
 4.150  2.07 -6.04e+07   3.53
 4.250  2.25 -1.08e+08   4.40
 4.075  1.84  3.98e+06   2.92
 3.927  1.35  3.85e+08   2.10
 3.941  1.19  1.94e+08   1.96
 3.945  1.18  1.32e+08   1.96
 4.010  1.24 -3.00e+08   2.16
 3.936  0.99 -1.64e+08   1.80
 3.881  0.90  4.36e+08   1.64
 3.877  0.88  4.62e+08   1.62
 3.892  0.88  2.22e+08   1.65
 3.909  0.73 -5.90e+08   1.59
 3.854  0.68  4.61e+08   1.46
 3.858  0.65  2.20e+08   1.44
 3.881  0.62 -5.47e+08   1.47
 3.798  0.45  1.90e+09   1.23
 3.806  0.45  1.46e+09   1.24
 3.766  0.43  5.10e+09   1.09
 3.791  0.37  2.10e+09   1.18
 3.766  0.35  4.11e+09   1.11
 3.766  0.35  4.70e+09   1.09
 3.766  0.35  5.69e+09   1.05
 3.806  0.31  7.85e+08   1.18
 3.793  0.22  1.06e+09   1.12
 3.782  0.16  1.50e+09   1.07
 3.752  0.16  5.30e+09   1.00
 3.795  0.13 -1.09e+08   1.10
 3.764  0.09  2.82e+09   1.01
 3.759  0.08  3.37e+09   0.99
 3.638  2.31  1.07e+08   4.02
 3.638  2.31  1.31e+08   3.89
 3.638  2.31  2.94e+08   3.25
 3.591  2.50  5.30e+08   2.62
 3.617  2.22  2.80e+08   2.81
 3.617  2.22  2.81e+08   2.81
 3.617  2.22  4.36e+08   2.82
 3.742  1.93  1.87e+08   3.21
 3.698  1.89  1.64e+08   3.39
 3.660  1.96  1.53e+08   3.48
 3.660  1.96  1.99e+08   3.30
 3.660  1.96  3.07e+08   3.07
 3.782  1.73  3.17e+08   2.66
 3.744  1.75  2.65e+08   2.83
 3.604  2.07  1.13e+09   1.93
 3.888  1.67  4.56e+08   2.33
 3.692  1.73  1.99e+08   3.14
 3.731  1.60  3.41e+08   2.60
 3.847  1.53  5.68e+08   2.17
 3.737  1.58  3.65e+08   2.54
 3.862  1.47  6.47e+08   2.06
 3.923  1.48  5.60e+08   2.09
 3.900  1.45  6.32e+08   2.04
 3.771  1.43  5.89e+08   2.16
 3.782  1.40  6.56e+08   2.08
 3.975  1.44  1.79e+08   2.24
 3.793  1.38  7.08e+08   2.03
 3.676  1.49  3.40e+08   2.61
 3.786  1.34  7.61e+08   1.98
 3.975  1.39  1.49e+08   2.20
 3.941  1.34  3.12e+08   2.10
 4.133  1.64 -2.72e+08   2.90
 4.050  1.46 -2.02e+08   2.46
 3.950  1.29  2.26e+08   2.06
 4.133  1.60 -3.04e+08   2.86
 4.117  1.52 -3.47e+08   2.72
 3.932  1.23  3.04e+08   1.98
 3.918  1.21  3.85e+08   1.94
 3.936  1.21  2.57e+08   1.97
 3.873  1.17  9.36e+08   1.74
 3.981  1.24 -9.11e+07   2.09
 3.969  1.21 -3.95e+07   2.04
 4.010  1.26 -2.61e+08   2.18
 3.945  1.16  9.81e+07   1.95
 4.075  1.34 -4.46e+08   2.43
 3.923  1.13  2.84e+08   1.88
 3.713  1.16  7.93e+08   1.97
 3.819  1.06  1.31e+09   1.61
 3.770  1.08  1.26e+09   1.67
 3.865  1.04  7.18e+08   1.76
 3.865  1.04  8.74e+08   1.70
 3.865  1.04  1.04e+09   1.64
 3.988  1.13 -3.48e+08   2.02
 3.746  1.07  1.19e+09   1.71
 3.877  1.02  6.08e+08   1.74
 3.988  1.10 -3.98e+08   2.00
 3.885  1.01  5.33e+08   1.74
 3.744  1.05  1.24e+09   1.69
 4.020  1.13 -5.58e+08   2.10
 3.885  0.99  5.12e+08   1.72
 3.941  1.02 -1.33e+08   1.84
 3.914  1.00  1.78e+08   1.77
 3.918  1.00  1.02e+08   1.77
 3.914  0.99  1.60e+08   1.76
 3.723  1.05  1.08e+09   1.77
 3.888  0.97  4.55e+08   1.71
 3.831  0.97  1.39e+09   1.54
 4.000  1.07 -5.64e+08   2.01
 3.750  1.01  1.42e+09   1.61
 3.994  1.05 -5.65e+08   1.98
 3.732  1.02  1.24e+09   1.69
 3.877  0.94  5.46e+08   1.67
 3.854  0.94  7.87e+08   1.66
 3.854  0.94  1.10e+09   1.57
 3.854  0.94  1.17e+09   1.55
 3.885  0.93  4.38e+08   1.67
 3.819  0.93  1.54e+09   1.50
 3.791  0.94  1.63e+09   1.51
 3.854  0.90  7.71e+08   1.63
 3.950  0.95 -4.27e+08   1.81
 3.892  0.91  2.88e+08   1.66
 3.816  0.90  1.67e+09   1.47
 3.963  0.92 -6.44e+08   1.81
 3.752  0.88  1.91e+09   1.46
 3.834  0.85  9.66e+08   1.57
 3.834  0.85  1.20e+09   1.52
 3.834  0.85  1.51e+09   1.46
 3.844  0.84  8.44e+08   1.57
 3.761  0.87  1.95e+09   1.45
 3.822  0.84  1.73e+09   1.43
 3.752  0.86  2.04e+09   1.44
 3.877  0.82  3.35e+08   1.58
 3.822  0.82  1.12e+09   1.54
 3.822  0.82  1.13e+09   1.54
 3.822  0.82  1.79e+09   1.42
 3.932  0.84 -5.42e+08   1.70
 3.834  0.81  9.45e+08   1.54
 3.834  0.81  1.38e+09   1.47
 3.834  0.81  1.55e+09   1.44
 3.941  0.84 -6.53e+08   1.72
 3.847  0.79  7.56e+08   1.53
 3.784  0.79  2.33e+09   1.37
 3.869  0.77  3.40e+08   1.54
 3.791  0.78  2.38e+09   1.35
 3.850  0.75  6.54e+08   1.50
 3.869  0.76  2.84e+08   1.53
 3.752  0.79  2.39e+09   1.37
 3.795  0.77  2.38e+09   1.35
 3.892  0.75 -2.04e+08   1.57
 3.782  0.77  2.46e+09   1.35
 3.850  0.74  6.38e+08   1.49
 3.831  0.74  9.63e+08   1.48
 3.881  0.72 -8.70e+07   1.53
 3.932  0.75 -8.92e+08   1.64
 3.791  0.73  2.60e+09   1.32
 3.784  0.74  2.65e+09   1.32
 3.844  0.69  7.04e+08   1.45
 3.881  0.69 -2.20e+08   1.51
 3.896  0.69 -5.60e+08   1.54
 3.775  0.71  2.88e+09   1.29
 3.837  0.68  8.30e+08   1.43
 3.847  0.67  5.93e+08   1.44
 3.800  0.68  2.62e+09   1.29
 3.885  0.67 -3.88e+08   1.51
 3.841  0.67  7.50e+08   1.43
 3.789  0.68  2.88e+09   1.28
 3.745  0.71  2.97e+09   1.30
 3.795  0.66  2.81e+09   1.27
 3.841  0.64  6.99e+08   1.41
 3.755  0.68  3.14e+09   1.27
 3.885  0.64 -5.30e+08   1.49
 3.858  0.64  1.75e+08   1.44
 3.828  0.64  1.01e+09   1.40
 3.950  0.66 -1.51e+09   1.63
 3.739  0.66  3.37e+09   1.26
 3.780  0.62  3.40e+09   1.23
 3.782  0.62  3.35e+09   1.23
 3.822  0.60  1.15e+09   1.36
 3.865  0.59 -2.72e+08   1.43
 3.702  0.68  2.30e+09   1.40
 3.885  0.58 -8.29e+08   1.46
 3.850  0.57  1.56e+08   1.39
 3.828  0.58  9.24e+08   1.35
 3.800  0.58  1.82e+09   1.32
 3.800  0.58  2.46e+09   1.27
 3.800  0.58  2.96e+09   1.23
 3.905  0.58 -1.26e+09   1.49
 3.806  0.58  1.61e+09   1.33
 3.806  0.58  2.70e+09   1.25
 3.806  0.58  2.73e+09   1.25
 3.730  0.63  3.64e+09   1.23
 3.885  0.55 -9.53e+08   1.45
 3.873  0.55 -6.62e+08   1.42
 3.806  0.56  1.61e+09   1.31
 3.877  0.55 -7.63e+08   1.43
 3.865  0.54 -4.87e+08   1.40
 3.828  0.55  8.52e+08   1.34
 3.918  0.55 -1.69e+09   1.50
 3.816  0.54  1.27e+09   1.31
 3.892  0.52 -1.31e+09   1.44
 3.914  0.53 -1.69e+09   1.49
 3.892  0.52 -1.31e+09   1.44
 4.000  0.62 -2.21e+09   1.70
 3.862  0.51 -5.20e+08   1.38
 3.828  0.52  7.67e+08   1.32
 3.761  0.55  4.20e+09   1.17
 3.809  0.52  1.48e+09   1.29
 3.873  0.50 -9.70e+08   1.40
 3.819  0.49  1.03e+09   1.29
 3.834  0.48  3.02e+08   1.31
 3.734  0.54  4.62e+09   1.15
 3.862  0.47 -7.74e+08   1.36
 3.766  0.50  4.53e+09   1.14
 3.784  0.48  2.64e+09   1.22
 3.784  0.48  3.15e+09   1.20
 3.784  0.48  3.98e+09   1.15
 3.837  0.46  6.86e+07   1.31
 3.770  0.46  4.65e+09   1.12
 3.825  0.44  5.42e+08   1.27
 3.816  0.44  1.01e+09   1.26
 3.819  0.44  8.43e+08   1.26
 3.745  0.47  5.18e+09   1.11
 3.837  0.42 -1.77e+08   1.29
 3.806  0.43  1.42e+09   1.23
 3.819  0.42  7.72e+08   1.25
 3.837  0.41 -2.29e+08   1.29
 3.881  0.40 -1.83e+09   1.37
 3.720  0.47  5.50e+09   1.10
 3.720  0.47  5.57e+09   1.10
 3.850  0.39 -9.07e+08   1.31
 3.766  0.42  5.14e+09   1.09
 3.773  0.42  3.48e+09   1.16
 3.773  0.42  3.72e+09   1.15
 3.773  0.42  4.88e+09   1.10
 3.739  0.43  5.76e+09   1.08
 3.809  0.39  1.08e+09   1.22
 3.759  0.41  5.53e+09   1.08
 3.914  0.39 -2.64e+09   1.42
 3.877  0.37 -1.94e+09   1.35
 3.877  0.36 -1.97e+09   1.35
 3.892  0.36 -2.38e+09   1.37
 3.789  0.37  2.25e+09   1.17
 3.800  0.36  1.50e+09   1.19
 3.881  0.35 -2.16e+09   1.35
 3.918  0.37 -2.91e+09   1.42
 3.837  0.35 -6.84e+08   1.26
 3.803  0.36  1.29e+09   1.19
 3.896  0.35 -2.59e+09   1.37
 3.950  0.38 -3.30e+09   1.47
 3.803  0.36  1.26e+09   1.19
 3.789  0.35  2.17e+09   1.16
 3.798  0.34  1.54e+09   1.18
 3.795  0.34  1.69e+09   1.17
 3.828  0.33 -3.98e+08   1.24
 3.782  0.35  2.66e+09   1.14
 3.862  0.32 -1.83e+09   1.30
 3.791  0.34  1.97e+09   1.16
 3.847  0.32 -1.33e+09   1.27
 3.819  0.31 -2.06e+07   1.21
 3.780  0.32  2.77e+09   1.13
 3.825  0.30 -4.20e+08   1.22
 3.854  0.30 -1.77e+09   1.28
 3.888  0.30 -2.81e+09   1.34
 3.844  0.29 -1.39e+09   1.26
 3.828  0.30 -6.26e+08   1.23
 3.806  0.31  7.53e+08   1.18
 3.789  0.30  1.97e+09   1.14
 3.847  0.28 -1.67e+09   1.26
 3.885  0.28 -2.86e+09   1.33
 3.841  0.27 -1.50e+09   1.24
 3.841  0.27 -1.50e+09   1.24
 3.873  0.26 -2.69e+09   1.30
 3.873  0.25 -2.84e+09   1.30
 3.831  0.25 -1.22e+09   1.22
 3.761  0.28  4.52e+09   1.07
 3.761  0.28  5.80e+09   1.04
 3.761  0.28  6.37e+09   1.02
 3.800  0.24  6.82e+08   1.14
 3.877  0.22 -3.17e+09   1.29
 3.825  0.21 -1.30e+09   1.19
 3.732  0.26  8.47e+09   0.97
 3.770  0.23  3.20e+09   1.07
 3.819  0.21 -9.72e+08   1.17
 3.819  0.21 -9.72e+08   1.17
 3.825  0.20 -1.34e+09   1.19
 3.714  0.28  8.97e+09   0.97
 3.819  0.19 -1.10e+09   1.17
 3.828  0.19 -1.64e+09   1.19
 3.803  0.20 -3.33e+06   1.14
 3.775  0.21  2.63e+09   1.08
 3.806  0.19 -2.84e+08   1.14
 3.784  0.20  1.60e+09   1.09
 3.750  0.20  5.96e+09   1.00
 3.750  0.20  7.29e+09   0.98
 3.750  0.20  7.93e+09   0.97
 3.806  0.16 -6.31e+08   1.13
 3.705  0.25  1.00e+10   0.94
 3.825  0.15 -1.95e+09   1.17
 3.750  0.18  5.86e+09   1.00
 3.750  0.18  7.65e+09   0.97
 3.750  0.18  8.03e+09   0.96
 3.777  0.14  1.70e+09   1.06
 3.806  0.12 -1.14e+09   1.12
 3.750  0.14  5.57e+09   0.99
 3.837  0.09 -3.21e+09   1.18
 3.782  0.11  8.44e+08   1.06
 3.803  0.10 -1.20e+09   1.11
 3.773  0.11  1.88e+09   1.04
 3.745  0.12  6.29e+09   0.97
 3.741  0.12  7.38e+09   0.95
 3.741  0.12  9.05e+09   0.93
 3.741  0.12  9.53e+09   0.92
 3.766  0.10  2.68e+09   1.02
 3.725  0.14  1.10e+10   0.90
 3.757  0.10  4.01e+09   0.99
 3.761  0.09  3.16e+09   1.00
 3.736  0.11  8.52e+09   0.93
 3.736  0.11  9.37e+09   0.92
 3.736  0.11  1.02e+10   0.91
 3.775  0.08  1.25e+09   1.03
 3.819  0.05 -2.76e+09   1.13
 3.798  0.06 -1.24e+09   1.08
 3.755  0.08  4.08e+09   0.98
 3.798  0.05 -1.40e+09   1.08
 3.693  0.15  1.31e+10   0.88
 3.766  0.06  2.08e+09   1.01
 3.734  0.08  8.88e+09   0.92
 3.734  0.08  1.02e+10   0.91
 3.734  0.08  1.08e+10   0.90
 3.825  0.02 -3.50e+09   1.13
 3.750  0.06  4.63e+09   0.96
 3.800  0.02 -1.94e+09   1.08
 3.709  0.10  1.31e+10   0.87
 3.795  0.03 -1.54e+09   1.07
 3.720  0.09  1.24e+10   0.88
 3.739  0.07  7.32e+09   0.93
 3.775  0.03  4.84e+08   1.02
 3.813  0.00 -3.08e+09   1.10
 3.720  0.07  1.26e+10   0.87
 3.777  0.02  7.41e+07   1.03
 3.777  0.02  7.41e+07   1.03
 3.768  0.02  1.29e+09   1.00
 3.809  0.00 -2.93e+09   1.10
 3.798  0.01 -2.04e+09   1.07
 3.752  0.02  3.70e+09   0.96
 3.784  0.00 -9.00e+08   1.04
 3.702  0.07  1.47e+10   0.85
 3.764  0.00  1.66e+09   0.99
 3.770  0.00  5.79e+08   1.00
 3.789 -0.02 -1.62e+09   1.04
 3.793 -0.02 -2.12e+09   1.05
 3.736  0.01  7.18e+09   0.91
 3.773 -0.02  7.11e+07   1.01
 3.764 -0.01  1.39e+09   0.98
 3.727  0.02  1.03e+10   0.88
 3.727  0.02  1.21e+10   0.87
 3.727  0.02  1.24e+10   0.87
 3.750 -0.01  3.70e+09   0.95
 3.761 -0.02  1.62e+09   0.98
 3.748 -0.01  4.06e+09   0.94
 3.745 -0.01  4.50e+09   0.93
 3.795 -0.05 -2.65e+09   1.05
 3.806 -0.06 -3.70e+09   1.07
 3.793 -0.06 -2.71e+09   1.05
 3.761 -0.04  1.18e+09   0.97
 3.761 -0.05  1.11e+09   0.97
 3.727 -0.01  9.72e+09   0.88
 3.739 -0.03  5.90e+09   0.91
 3.791 -0.06 -2.57e+09   1.04
 3.759 -0.05  1.34e+09   0.96
 3.755 -0.05  2.14e+09   0.95
 3.770 -0.06 -4.67e+08   0.99
 3.780 -0.07 -1.60e+09   1.01
 3.761 -0.06  8.83e+08   0.97
 3.752 -0.06  2.41e+09   0.94
 3.809 -0.09 -4.31e+09   1.07
 3.800 -0.09 -3.70e+09   1.05
 3.800 -0.10 -3.84e+09   1.05
 3.766 -0.08 -1.25e+08   0.98
 3.750 -0.07  2.54e+09   0.94
 3.761 -0.09  3.40e+08   0.96
 3.803 -0.11 -4.35e+09   1.06
 3.816 -0.13 -5.30e+09   1.08
 3.766 -0.10 -5.91e+08   0.97
 3.777 -0.11 -2.07e+09   1.00
 3.768 -0.11 -1.07e+09   0.98
 3.750 -0.10  1.98e+09   0.93
 3.780 -0.12 -2.64e+09   1.00
 3.784 -0.13 -3.20e+09   1.01
 3.736 -0.10  4.92e+09   0.89
 3.693 -0.06  2.00e+10   0.78
 3.869 -0.30 -1.01e+10   1.14
 3.588  2.81  2.05e+08   3.72
 3.649  2.53  6.02e+07   5.04
 3.649  2.53  9.91e+07   4.43
 3.649  2.53  2.01e+08   3.71
 3.708  2.39  8.05e+07   4.49
 3.708  2.39  1.30e+08   3.99
 3.708  2.39  1.82e+08   3.75
 3.617  2.59  8.64e+07   4.38
 3.617  2.59  9.86e+07   4.29
 3.617  2.59  2.19e+08   3.63
 3.834  2.23  1.42e+08   3.58
 3.664  2.37  7.42e+07   4.64
 3.664  2.37  1.24e+08   4.04
 3.664  2.37  2.30e+08   3.53
 3.633  2.43  8.89e+07   4.32
 3.633  2.43  1.12e+08   4.17
 3.633  2.43  2.60e+08   3.40
 3.660  2.34  7.68e+07   4.58
 3.660  2.34  1.27e+08   3.99
 3.660  2.34  2.43e+08   3.46
 3.674  2.23  9.37e+07   4.23
 3.674  2.23  1.49e+08   3.74
 3.674  2.23  2.56e+08   3.38
 3.731  2.03  1.54e+08   3.48
 3.698  2.07  1.27e+08   3.75
 3.698  2.07  1.84e+08   3.44
 3.698  2.07  2.04e+08   3.38
 3.914  1.97  2.68e+08   2.80
 3.721  2.01  1.52e+08   3.49
 3.702  1.99  1.44e+08   3.56
 3.694  1.96  1.46e+08   3.55
 3.721  1.90  1.79e+08   3.27
 3.733  1.89  1.94e+08   3.17
 3.744  1.86  2.11e+08   3.06
 3.723  1.88  1.86e+08   3.22
 3.694  1.90  1.60e+08   3.43
 3.710  1.87  1.77e+08   3.29
 3.690  1.90  1.57e+08   3.45
 3.888  1.77  3.74e+08   2.50
 3.700  1.86  1.72e+08   3.33
 3.684  1.90  1.54e+08   3.48
 3.684  1.90  2.20e+08   3.18
 3.684  1.90  2.21e+08   3.18
 3.717  1.84  1.93e+08   3.17
 3.698  1.85  1.73e+08   3.32
 3.721  1.82  2.03e+08   3.11
 3.688  1.86  1.63e+08   3.39
 3.690  1.85  1.67e+08   3.37
 3.715  1.81  1.99e+08   3.14
 3.696  1.83  1.77e+08   3.29
 3.710  1.80  1.96e+08   3.16
 3.710  1.80  1.96e+08   3.16
 3.698  1.82  1.82e+08   3.25
 3.696  1.80  1.83e+08   3.24
 3.650  1.91  2.07e+08   3.10
 3.650  1.91  2.31e+08   3.06
 3.650  1.91  4.06e+08   2.85
 3.696  1.80  1.84e+08   3.24
 3.696  1.80  1.85e+08   3.23
 3.698  1.79  1.88e+08   3.21
 3.680  1.83  1.66e+08   3.37
 3.854  1.67  4.41e+08   2.37
 3.721  1.74  2.28e+08   2.98
 3.712  1.75  2.14e+08   3.05
 3.696  1.77  1.91e+08   3.19
 3.700  1.76  1.98e+08   3.15
 3.694  1.78  1.88e+08   3.21
 3.692  1.78  1.87e+08   3.22
 3.690  1.78  1.85e+08   3.23
 3.710  1.74  2.13e+08   3.05
 3.623  1.97  6.14e+08   2.44
 3.688  1.77  1.86e+08   3.22
 3.694  1.73  2.01e+08   3.13
 3.713  1.67  2.55e+08   2.87
 3.735  1.63  3.25e+08   2.65
 3.717  1.63  2.86e+08   2.76
 3.682  1.68  2.15e+08   3.05
 3.854  1.48  6.23e+08   2.09
 3.708  1.58  2.93e+08   2.74
 3.694  1.57  2.67e+08   2.83
 3.737  1.45  4.82e+08   2.32
 3.713  1.47  3.95e+08   2.48
 3.764  1.40  6.15e+08   2.13
 3.729  1.42  4.95e+08   2.30
 3.712  1.44  4.15e+08   2.44
 3.717  1.43  4.51e+08   2.37
 3.717  1.41  4.72e+08   2.34
 3.690  1.45  3.42e+08   2.60
 3.798  1.33  7.91e+08   1.95
 3.731  1.38  5.53e+08   2.22
 3.715  1.38  4.91e+08   2.31
 3.638  1.54  1.14e+09   1.89
 3.674  1.43  3.96e+08   2.49
 3.877  1.26  8.46e+08   1.83
 3.766  1.29  8.04e+08   1.95
 3.717  1.34  5.49e+08   2.22
 3.892  1.26  7.80e+08   1.85
 3.773  1.28  8.44e+08   1.91
 3.723  1.32  6.01e+08   2.16
 3.751  1.28  7.64e+08   1.99
 3.847  1.23  9.69e+08   1.78
 3.766  1.26  8.55e+08   1.91
 3.777  1.24  9.30e+08   1.85
 3.725  1.28  6.55e+08   2.09
 3.700  1.31  5.03e+08   2.29
 3.798  1.22  9.89e+08   1.80
 3.956  1.24  1.17e+08   2.03
 3.844  1.19  1.04e+09   1.74
 3.777  1.19  1.03e+09   1.79
 3.798  1.17  1.09e+09   1.74
 3.713  1.24  6.63e+08   2.09
 3.809  1.14  1.15e+09   1.70
 3.825  1.13  1.16e+09   1.68
 3.822  1.13  1.17e+09   1.68
 3.825  1.12  1.18e+09   1.67
 3.822  1.12  1.18e+09   1.67
 3.850  1.09  1.13e+09   1.65
 3.819  1.09  1.24e+09   1.65
 3.819  1.09  1.24e+09   1.65
 3.791  1.10  1.24e+09   1.67
 3.854  1.07  1.12e+09   1.65
 3.798  1.08  1.28e+09   1.64
 3.819  1.07  1.29e+09   1.62
 3.789  1.08  1.28e+09   1.65
 3.858  1.06  1.11e+09   1.64
 3.825  1.06  1.30e+09   1.61
 3.847  1.05  1.19e+09   1.62
 3.834  1.05  1.26e+09   1.61
 3.813  1.06  1.32e+09   1.61
 3.809  1.05  1.34e+09   1.61
 3.831  1.05  1.29e+09   1.60
 3.850  1.03  1.18e+09   1.61
 3.806  1.04  1.36e+09   1.60
 3.822  1.04  1.35e+09   1.59
 3.844  1.03  1.23e+09   1.60
 3.798  1.04  1.37e+09   1.60
 3.806  1.04  1.37e+09   1.59
 3.834  1.02  1.30e+09   1.59
 3.825  1.02  1.36e+09   1.58
 3.847  1.02  1.22e+09   1.60
 3.834  1.02  1.31e+09   1.58
 3.819  1.02  1.39e+09   1.58
 3.873  1.02  6.40e+08   1.74
 3.795  1.02  1.42e+09   1.58
 3.819  1.01  1.41e+09   1.56
 3.803  1.01  1.44e+09   1.57
 3.822  1.00  1.42e+09   1.56
 3.847  0.99  1.24e+09   1.57
 3.813  1.00  1.46e+09   1.55
 3.844  0.99  1.27e+09   1.57
 3.828  0.99  1.39e+09   1.56
 3.819  0.99  1.44e+09   1.55
 3.813  0.99  1.47e+09   1.55
 3.819  0.99  1.45e+09   1.55
 3.822  0.99  1.44e+09   1.55
 3.809  0.99  1.49e+09   1.54
 3.841  0.98  1.30e+09   1.56
 3.828  0.98  1.40e+09   1.55
 3.822  0.98  1.46e+09   1.54
 3.828  0.98  1.41e+09   1.54
 3.834  0.96  1.37e+09   1.54
 3.841  0.96  1.32e+09   1.55
 3.841  0.96  1.32e+09   1.55
 3.831  0.96  1.40e+09   1.54
 3.825  0.96  1.45e+09   1.53
 3.800  0.97  1.54e+09   1.53
 3.831  0.96  1.40e+09   1.54
 3.800  0.97  1.55e+09   1.53
 3.831  0.96  1.40e+09   1.53
 3.828  0.96  1.43e+09   1.53
 3.837  0.95  1.36e+09   1.53
 3.841  0.95  1.33e+09   1.54
 3.837  0.94  1.36e+09   1.53
 3.844  0.93  8.97e+08   1.65
 3.844  0.93  9.83e+08   1.62
 3.844  0.93  1.30e+09   1.53
 3.834  0.94  1.39e+09   1.52
 3.834  0.94  1.39e+09   1.52
 3.822  0.94  1.50e+09   1.51
 3.822  0.94  1.50e+09   1.51
 3.831  0.93  1.43e+09   1.51
 3.819  0.93  1.54e+09   1.50
 3.831  0.93  1.43e+09   1.51
 3.841  0.93  9.30e+08   1.64
 3.841  0.93  9.69e+08   1.63
 3.841  0.93  1.34e+09   1.52
 3.828  0.92  1.46e+09   1.51
 3.825  0.92  1.49e+09   1.50
 3.800  0.93  1.67e+09   1.49
 3.831  0.91  1.44e+09   1.50
 3.837  0.91  9.59e+08   1.62
 3.837  0.91  9.98e+08   1.61
 3.837  0.91  1.38e+09   1.51
 3.825  0.91  1.53e+09   1.49
 3.834  0.90  1.42e+09   1.50
 3.825  0.91  1.53e+09   1.49
 3.786  0.92  1.70e+09   1.49
 3.854  0.90  7.68e+08   1.62
 3.841  0.90  9.20e+08   1.62
 3.841  0.90  1.06e+09   1.59
 3.841  0.90  1.34e+09   1.51
 3.834  0.90  1.42e+09   1.50
 3.828  0.90  1.50e+09   1.49
 3.806  0.91  1.72e+09   1.47
 3.841  0.89  9.16e+08   1.61
 3.841  0.89  1.09e+09   1.57
 3.841  0.89  1.34e+09   1.50
 3.841  0.89  9.16e+08   1.61
 3.841  0.89  1.09e+09   1.57
 3.841  0.89  1.34e+09   1.50
 3.837  0.90  9.54e+08   1.61
 3.837  0.90  1.04e+09   1.59
 3.837  0.90  1.39e+09   1.50
 3.825  0.90  1.56e+09   1.48
 3.837  0.89  9.52e+08   1.61
 3.837  0.89  1.06e+09   1.58
 3.837  0.89  1.39e+09   1.50
 3.777  0.91  1.75e+09   1.48
 3.850  0.88  8.01e+08   1.61
 3.822  0.89  1.60e+09   1.47
 3.828  0.89  1.53e+09   1.48
 3.831  0.89  1.50e+09   1.48
 3.831  0.89  1.50e+09   1.48
 3.816  0.89  1.68e+09   1.46
 3.847  0.88  8.34e+08   1.61
 3.847  0.88  1.22e+09   1.52
 3.847  0.88  1.25e+09   1.51
 3.800  0.90  1.80e+09   1.46
 3.816  0.89  1.70e+09   1.46
 3.822  0.89  1.62e+09   1.47
 3.834  0.88  9.86e+08   1.60
 3.834  0.88  1.06e+09   1.58
 3.834  0.88  1.46e+09   1.48
 3.831  0.88  1.51e+09   1.48
 3.837  0.88  9.46e+08   1.60
 3.837  0.88  1.10e+09   1.56
 3.837  0.88  1.40e+09   1.49
 3.809  0.89  1.77e+09   1.45
 3.825  0.88  1.58e+09   1.47
 3.809  0.88  1.78e+09   1.45
 3.831  0.88  1.02e+09   1.59
 3.831  0.88  1.03e+09   1.59
 3.831  0.88  1.52e+09   1.47
 3.834  0.88  9.84e+08   1.59
 3.834  0.88  1.07e+09   1.57
 3.834  0.88  1.47e+09   1.48
 3.834  0.87  9.82e+08   1.59
 3.834  0.87  1.09e+09   1.57
 3.834  0.87  1.47e+09   1.48
 3.822  0.88  1.64e+09   1.46
 3.837  0.87  9.40e+08   1.59
 3.837  0.87  1.15e+09   1.54
 3.837  0.87  1.42e+09   1.48
 3.828  0.87  1.58e+09   1.46
 3.834  0.87  9.80e+08   1.59
 3.834  0.87  1.10e+09   1.56
 3.834  0.87  1.48e+09   1.47
 3.831  0.87  1.02e+09   1.59
 3.831  0.87  1.06e+09   1.58
 3.831  0.87  1.54e+09   1.47
 3.841  0.87  9.00e+08   1.59
 3.841  0.87  1.20e+09   1.52
 3.841  0.87  1.36e+09   1.49
 3.809  0.88  1.80e+09   1.45
 3.816  0.87  1.74e+09   1.45
 3.831  0.87  1.02e+09   1.58
 3.831  0.87  1.08e+09   1.57
 3.831  0.87  1.54e+09   1.47
 3.841  0.86  8.95e+08   1.58
 3.841  0.86  1.23e+09   1.51
 3.841  0.86  1.37e+09   1.48
 3.847  0.86  8.20e+08   1.58
 3.819  0.87  1.71e+09   1.45
 3.828  0.86  1.60e+09   1.46
 3.816  0.87  1.75e+09   1.45
 3.837  0.86  9.35e+08   1.58
 3.837  0.86  1.18e+09   1.53
 3.837  0.86  1.43e+09   1.48
 3.844  0.85  8.55e+08   1.58
 3.844  0.85  1.31e+09   1.49
 3.844  0.85  1.32e+09   1.49
 3.841  0.85  8.92e+08   1.58
 3.841  0.85  1.24e+09   1.50
 3.841  0.85  1.37e+09   1.48
 3.825  0.86  1.64e+09   1.45
 3.837  0.86  9.33e+08   1.58
 3.837  0.86  1.20e+09   1.52
 3.837  0.86  1.43e+09   1.47
 3.825  0.86  1.65e+09   1.45
 3.803  0.86  1.91e+09   1.43
 3.822  0.86  1.69e+09   1.45
 3.841  0.85  8.90e+08   1.58
 3.841  0.85  1.26e+09   1.50
 3.841  0.85  1.38e+09   1.48
 3.813  0.86  1.82e+09   1.43
 3.825  0.85  1.66e+09   1.45
 3.850  0.84  7.73e+08   1.57
 3.850  0.84  7.73e+08   1.57
 3.825  0.85  1.66e+09   1.45
 3.828  0.85  1.05e+09   1.57
 3.828  0.85  1.09e+09   1.56
 3.828  0.85  1.62e+09   1.45
 3.841  0.84  8.85e+08   1.57
 3.841  0.84  1.31e+09   1.48
 3.841  0.84  1.39e+09   1.47
 3.858  0.84  6.70e+08   1.58
 3.850  0.84  7.70e+08   1.57
 3.828  0.84  1.05e+09   1.56
 3.828  0.84  1.12e+09   1.55
 3.828  0.84  1.64e+09   1.44
 3.844  0.84  8.44e+08   1.57
 3.834  0.84  9.64e+08   1.57
 3.834  0.84  1.22e+09   1.51
 3.834  0.84  1.51e+09   1.46
 3.841  0.84  8.83e+08   1.57
 3.841  0.84  1.34e+09   1.48
 3.841  0.84  1.39e+09   1.47
 3.837  0.84  9.22e+08   1.57
 3.837  0.84  1.27e+09   1.49
 3.837  0.84  1.45e+09   1.46
 3.850  0.84  7.67e+08   1.57
 3.844  0.83  8.41e+08   1.56
 3.850  0.83  7.63e+08   1.56
 3.831  0.84  1.00e+09   1.56
 3.831  0.84  1.19e+09   1.52
 3.831  0.84  1.58e+09   1.45
 3.844  0.83  8.39e+08   1.56
 3.822  0.84  1.74e+09   1.43
 3.837  0.82  9.10e+08   1.55
 3.837  0.82  1.40e+09   1.46
 3.837  0.82  1.47e+09   1.45
 3.834  0.82  9.50e+08   1.55
 3.834  0.82  1.33e+09   1.48
 3.834  0.82  1.54e+09   1.44
 3.858  0.82  6.41e+08   1.56
 3.844  0.82  8.30e+08   1.55
 3.825  0.82  1.08e+09   1.55
 3.825  0.82  1.16e+09   1.53
 3.825  0.82  1.73e+09   1.43
 3.844  0.82  8.30e+08   1.55
 3.828  0.82  1.04e+09   1.55
 3.828  0.82  1.20e+09   1.51
 3.828  0.82  1.67e+09   1.43
 3.837  0.82  9.07e+08   1.55
 3.837  0.82  1.42e+09   1.46
 3.837  0.82  1.48e+09   1.45
 3.806  0.83  2.00e+09   1.40
 3.847  0.81  7.85e+08   1.55
 3.837  0.82  9.07e+08   1.55
 3.837  0.82  1.42e+09   1.46
 3.837  0.82  1.48e+09   1.45
 3.841  0.81  8.64e+08   1.54
 3.786  0.83  2.12e+09   1.40
 3.834  0.81  9.42e+08   1.54
 3.834  0.81  1.40e+09   1.46
 3.834  0.81  1.55e+09   1.44
 3.831  0.81  9.85e+08   1.54
 3.831  0.81  1.33e+09   1.48
 3.831  0.81  1.62e+09   1.43
 3.803  0.82  2.08e+09   1.39
 3.828  0.81  1.03e+09   1.54
 3.828  0.81  1.29e+09   1.49
 3.828  0.81  1.69e+09   1.42
 3.834  0.80  9.40e+08   1.54
 3.834  0.80  1.43e+09   1.45
 3.834  0.80  1.56e+09   1.43
 3.831  0.80  9.79e+08   1.53
 3.831  0.80  1.38e+09   1.46
 3.831  0.80  1.63e+09   1.43
 3.831  0.80  9.79e+08   1.53
 3.831  0.80  1.38e+09   1.46
 3.831  0.80  1.63e+09   1.43
 3.841  0.79  8.51e+08   1.53
 3.809  0.80  2.02e+09   1.39
 3.784  0.81  2.22e+09   1.38
 3.800  0.80  2.17e+09   1.38
 3.828  0.79  1.01e+09   1.52
 3.828  0.79  1.42e+09   1.45
 3.828  0.79  1.72e+09   1.41
 3.850  0.78  6.99e+08   1.52
 3.782  0.81  2.26e+09   1.38
 3.837  0.78  8.83e+08   1.52
 3.816  0.79  1.98e+09   1.39
 3.819  0.78  1.15e+09   1.51
 3.819  0.78  1.26e+09   1.49
 3.819  0.78  1.94e+09   1.39
 3.834  0.78  9.19e+08   1.51
 3.841  0.77  8.27e+08   1.51
 3.786  0.79  2.33e+09   1.36
 3.828  0.78  1.00e+09   1.51
 3.828  0.78  1.50e+09   1.44
 3.828  0.78  1.74e+09   1.40
 3.828  0.77  1.00e+09   1.51
 3.828  0.77  1.53e+09   1.43
 3.828  0.77  1.74e+09   1.40
 3.719  0.85  1.66e+09   1.54
 3.847  0.77  7.24e+08   1.51
 3.831  0.77  9.56e+08   1.51
 3.831  0.77  1.61e+09   1.41
 3.831  0.77  1.67e+09   1.41
 3.831  0.77  9.53e+08   1.50
 3.831  0.77  1.64e+09   1.41
 3.831  0.77  1.67e+09   1.40
 3.834  0.76  9.09e+08   1.50
 3.828  0.77  9.97e+08   1.50
 3.828  0.77  1.56e+09   1.42
 3.828  0.77  1.75e+09   1.40
 3.844  0.76  7.68e+08   1.51
 3.834  0.76  9.09e+08   1.50
 3.841  0.76  8.16e+08   1.50
 3.850  0.76  6.70e+08   1.51
 3.837  0.76  8.61e+08   1.50
 3.834  0.76  9.05e+08   1.50
 3.834  0.76  9.05e+08   1.50
 3.847  0.76  7.13e+08   1.50
 3.831  0.76  9.50e+08   1.50
 3.831  0.76  1.67e+09   1.40
 3.831  0.76  1.68e+09   1.40
 3.803  0.77  2.25e+09   1.36
 3.816  0.76  1.20e+09   1.49
 3.816  0.76  1.31e+09   1.47
 3.816  0.76  2.05e+09   1.37
 3.828  0.76  9.95e+08   1.50
 3.828  0.76  1.62e+09   1.41
 3.828  0.76  1.76e+09   1.39
 3.777  0.78  2.41e+09   1.36
 3.806  0.77  2.20e+09   1.36
 3.831  0.75  9.53e+08   1.49
 3.844  0.75  7.56e+08   1.50
 3.844  0.75  7.55e+08   1.49
 3.828  0.75  1.00e+09   1.49
 3.828  0.75  1.68e+09   1.40
 3.828  0.75  1.77e+09   1.39
 3.806  0.75  2.24e+09   1.35
 3.809  0.75  2.19e+09   1.35
 3.822  0.75  1.10e+09   1.48
 3.822  0.75  1.55e+09   1.42
 3.822  0.75  1.93e+09   1.37
 3.834  0.75  9.11e+08   1.49
 3.800  0.76  2.35e+09   1.34
 3.837  0.74  8.60e+08   1.49
 3.825  0.75  1.05e+09   1.49
 3.825  0.75  1.63e+09   1.41
 3.825  0.75  1.85e+09   1.38
 3.816  0.75  1.22e+09   1.48
 3.816  0.75  1.42e+09   1.45
 3.816  0.75  2.10e+09   1.36
 3.803  0.75  2.31e+09   1.34
 3.816  0.75  1.22e+09   1.48
 3.816  0.75  1.42e+09   1.45
 3.816  0.75  2.10e+09   1.36
 3.822  0.75  1.11e+09   1.48
 3.822  0.75  1.58e+09   1.42
 3.822  0.75  1.94e+09   1.37
 3.800  0.75  2.38e+09   1.34
 3.813  0.74  1.29e+09   1.47
 3.813  0.74  1.38e+09   1.46
 3.813  0.74  2.17e+09   1.35
 3.831  0.74  9.63e+08   1.48
 3.803  0.74  2.34e+09   1.34
 3.822  0.74  1.12e+09   1.47
 3.822  0.74  1.64e+09   1.40
 3.822  0.74  1.95e+09   1.37
 3.847  0.73  6.89e+08   1.48
 3.819  0.73  1.18e+09   1.47
 3.819  0.73  1.59e+09   1.41
 3.819  0.73  2.04e+09   1.36
 3.819  0.73  1.18e+09   1.47
 3.819  0.73  1.59e+09   1.41
 3.819  0.73  2.04e+09   1.36
 3.819  0.73  1.18e+09   1.47
 3.819  0.73  1.59e+09   1.41
 3.819  0.73  2.04e+09   1.36
 3.831  0.73  9.67e+08   1.47
 3.834  0.73  9.14e+08   1.47
 3.816  0.74  1.24e+09   1.47
 3.816  0.74  1.51e+09   1.43
 3.816  0.74  2.12e+09   1.35
 3.844  0.72  7.43e+08   1.47
 3.816  0.73  1.24e+09   1.46
 3.816  0.73  1.54e+09   1.42
 3.816  0.73  2.13e+09   1.35
 3.841  0.72  8.00e+08   1.47
 3.837  0.72  8.55e+08   1.47
 3.834  0.72  9.13e+08   1.47
 3.834  0.72  9.13e+08   1.46
 3.813  0.72  1.32e+09   1.45
 3.813  0.72  1.52e+09   1.43
 3.813  0.72  2.23e+09   1.34
 3.834  0.72  9.13e+08   1.46
 3.806  0.72  2.36e+09   1.33
 3.803  0.72  2.41e+09   1.32
 3.850  0.70  5.85e+08   1.47
 3.803  0.72  2.43e+09   1.32
 3.831  0.71  9.72e+08   1.45
 3.828  0.71  1.03e+09   1.45
 3.822  0.71  1.14e+09   1.45
 3.822  0.71  1.86e+09   1.36
 3.822  0.71  1.99e+09   1.35
 3.819  0.71  1.20e+09   1.45
 3.819  0.71  1.78e+09   1.38
 3.819  0.71  2.08e+09   1.34
 3.803  0.71  2.44e+09   1.32
 3.819  0.71  1.20e+09   1.45
 3.819  0.71  1.78e+09   1.38
 3.819  0.71  2.08e+09   1.34
 3.834  0.70  9.07e+08   1.45
 3.795  0.71  2.61e+09   1.31
 3.816  0.70  1.28e+09   1.43
 3.816  0.70  1.79e+09   1.37
 3.816  0.70  2.18e+09   1.33
 3.822  0.70  1.15e+09   1.44
 3.822  0.70  1.96e+09   1.35
 3.822  0.70  2.01e+09   1.34
 3.837  0.69  8.40e+08   1.44
 3.825  0.69  1.09e+09   1.43
 3.834  0.68  9.02e+08   1.44
 3.813  0.69  1.36e+09   1.42
 3.813  0.69  1.77e+09   1.38
 3.813  0.69  2.29e+09   1.32
 3.813  0.69  1.36e+09   1.42
 3.813  0.69  1.77e+09   1.38
 3.813  0.69  2.29e+09   1.32
 3.816  0.69  1.29e+09   1.42
 3.816  0.69  1.89e+09   1.36
 3.816  0.69  2.21e+09   1.32
 3.837  0.68  8.34e+08   1.43
 3.786  0.70  2.85e+09   1.29
 3.800  0.69  2.61e+09   1.30
 3.795  0.69  2.69e+09   1.29
 3.834  0.67  8.94e+08   1.43
 3.819  0.68  1.23e+09   1.42
 3.819  0.68  2.05e+09   1.33
 3.819  0.68  2.13e+09   1.33
 3.837  0.67  8.27e+08   1.43
 3.782  0.69  2.91e+09   1.28
 3.831  0.67  9.63e+08   1.42
 3.813  0.68  1.37e+09   1.41
 3.813  0.68  1.87e+09   1.36
 3.813  0.68  2.32e+09   1.31
 3.782  0.69  2.91e+09   1.28
 3.841  0.67  7.44e+08   1.43
 3.822  0.67  1.16e+09   1.42
 3.813  0.67  1.37e+09   1.41
 3.813  0.67  1.94e+09   1.35
 3.813  0.67  2.33e+09   1.31
 3.822  0.67  1.17e+09   1.41
 3.813  0.67  1.37e+09   1.41
 3.813  0.67  1.94e+09   1.35
 3.813  0.67  2.33e+09   1.31
 3.825  0.67  1.10e+09   1.41
 3.831  0.67  9.58e+08   1.42
 3.822  0.67  1.17e+09   1.41
 3.813  0.66  1.38e+09   1.40
 3.813  0.66  2.01e+09   1.34
 3.813  0.66  2.34e+09   1.30
 3.793  0.67  2.84e+09   1.27
 3.816  0.66  1.31e+09   1.40
 3.816  0.66  2.14e+09   1.32
 3.816  0.66  2.26e+09   1.31
 3.793  0.67  2.84e+09   1.27
 3.834  0.65  8.78e+08   1.41
 3.825  0.66  1.10e+09   1.40
 3.806  0.66  1.55e+09   1.39
 3.806  0.66  1.87e+09   1.36
 3.806  0.66  2.56e+09   1.29
 3.813  0.66  1.38e+09   1.40
 3.813  0.66  2.05e+09   1.33
 3.813  0.66  2.35e+09   1.30
 3.800  0.66  2.72e+09   1.28
 3.816  0.65  1.32e+09   1.39
 3.816  0.65  2.22e+09   1.31
 3.816  0.65  2.27e+09   1.30
 3.806  0.65  1.56e+09   1.38
 3.806  0.65  1.94e+09   1.35
 3.806  0.65  2.57e+09   1.28
 3.791  0.66  2.92e+09   1.27
 3.791  0.66  2.92e+09   1.27
 3.822  0.65  1.17e+09   1.40
 3.798  0.66  2.78e+09   1.27
 3.819  0.65  1.24e+09   1.39
 3.813  0.65  1.39e+09   1.39
 3.813  0.65  2.16e+09   1.32
 3.813  0.65  2.37e+09   1.30
 3.806  0.65  1.56e+09   1.38
 3.806  0.65  1.97e+09   1.34
 3.806  0.65  2.58e+09   1.28
 3.841  0.64  6.91e+08   1.41
 3.809  0.65  1.47e+09   1.38
 3.809  0.65  2.07e+09   1.33
 3.809  0.65  2.48e+09   1.29
 3.828  0.64  1.02e+09   1.40
 3.831  0.64  9.37e+08   1.40
 3.780  0.66  3.15e+09   1.26
 3.831  0.64  9.37e+08   1.40
 3.828  0.64  1.01e+09   1.40
 3.757  0.67  3.20e+09   1.26
 3.786  0.65  3.07e+09   1.26
 3.795  0.65  2.88e+09   1.26
 3.777  0.65  3.25e+09   1.25
 3.793  0.64  2.98e+09   1.25
 3.825  0.62  1.08e+09   1.38
 3.819  0.63  1.25e+09   1.38
 3.809  0.63  1.49e+09   1.37
 3.809  0.63  2.26e+09   1.30
 3.809  0.63  2.52e+09   1.28
 3.816  0.62  1.33e+09   1.37
 3.816  0.62  1.33e+09   1.37
 3.798  0.63  1.86e+09   1.35
 3.798  0.63  1.97e+09   1.34
 3.798  0.63  2.92e+09   1.25
 3.841  0.61  6.28e+08   1.39
 3.822  0.62  1.16e+09   1.37
 3.854  0.60  1.66e+08   1.41
 3.806  0.62  1.59e+09   1.36
 3.806  0.62  2.28e+09   1.30
 3.806  0.62  2.65e+09   1.27
 3.825  0.61  1.07e+09   1.37
 3.793  0.62  3.04e+09   1.25
 3.803  0.61  1.70e+09   1.35
 3.803  0.61  2.26e+09   1.30
 3.803  0.61  2.78e+09   1.26
 3.714  0.69  2.65e+09   1.35
 3.806  0.61  1.59e+09   1.35
 3.806  0.61  2.36e+09   1.29
 3.806  0.61  2.66e+09   1.26
 3.825  0.60  1.06e+09   1.37
 3.780  0.62  3.38e+09   1.23
 3.803  0.61  1.70e+09   1.34
 3.803  0.61  2.30e+09   1.29
 3.803  0.61  2.79e+09   1.25
 3.809  0.61  1.50e+09   1.35
 3.809  0.61  2.50e+09   1.27
 3.809  0.61  2.56e+09   1.27
 3.806  0.61  1.60e+09   1.35
 3.806  0.61  2.40e+09   1.28
 3.806  0.61  2.67e+09   1.26
 3.831  0.60  8.75e+08   1.37
 3.786  0.61  3.27e+09   1.23
 3.816  0.60  1.33e+09   1.35
 3.809  0.60  1.51e+09   1.35
 3.809  0.60  2.55e+09   1.27
 3.809  0.60  2.57e+09   1.26
 3.803  0.60  1.70e+09   1.34
 3.803  0.60  2.34e+09   1.29
 3.803  0.60  2.80e+09   1.25
 3.809  0.60  1.51e+09   1.34
 3.825  0.59  1.05e+09   1.36
 3.798  0.60  1.89e+09   1.33
 3.798  0.60  2.21e+09   1.30
 3.798  0.60  3.01e+09   1.24
 3.828  0.59  9.60e+08   1.36
 3.803  0.60  1.70e+09   1.34
 3.803  0.60  2.39e+09   1.28
 3.803  0.60  2.80e+09   1.25
 3.828  0.59  9.60e+08   1.36
 3.798  0.60  1.90e+09   1.33
 3.798  0.60  2.25e+09   1.30
 3.798  0.60  3.02e+09   1.24
 3.806  0.59  1.60e+09   1.34
 3.806  0.59  2.53e+09   1.27
 3.806  0.59  2.70e+09   1.25
 3.786  0.60  3.31e+09   1.22
 3.813  0.59  1.42e+09   1.34
 3.819  0.59  1.23e+09   1.35
 3.816  0.59  1.32e+09   1.34
 3.822  0.58  1.13e+09   1.35
 3.784  0.60  3.40e+09   1.22
 3.798  0.59  1.90e+09   1.32
 3.798  0.59  2.33e+09   1.29
 3.798  0.59  3.04e+09   1.23
 3.828  0.58  9.34e+08   1.35
 3.819  0.58  1.22e+09   1.34
 3.806  0.58  1.61e+09   1.33
 3.806  0.58  2.66e+09   1.25
 3.806  0.58  2.72e+09   1.25
 3.803  0.58  1.71e+09   1.32
 3.803  0.58  2.60e+09   1.26
 3.803  0.58  2.85e+09   1.24
 3.789  0.59  3.34e+09   1.22
 3.798  0.58  1.91e+09   1.32
 3.798  0.58  2.42e+09   1.28
 3.798  0.58  3.06e+09   1.23
 3.809  0.58  1.51e+09   1.33
 3.791  0.59  3.28e+09   1.22
 3.806  0.57  1.61e+09   1.32
 3.800  0.57  1.83e+09   1.31
 3.800  0.57  2.59e+09   1.26
 3.800  0.57  2.99e+09   1.23
 3.806  0.57  1.61e+09   1.32
 3.813  0.56  1.41e+09   1.32
 3.803  0.57  1.72e+09   1.31
 3.803  0.57  2.74e+09   1.24
 3.803  0.57  2.88e+09   1.23
 3.825  0.56  9.96e+08   1.34
 3.786  0.57  3.47e+09   1.20
 3.795  0.56  2.02e+09   1.30
 3.795  0.56  2.56e+09   1.26
 3.795  0.56  3.20e+09   1.21
 3.791  0.57  2.21e+09   1.29
 3.791  0.57  2.39e+09   1.28
 3.791  0.57  3.38e+09   1.21
 3.791  0.57  2.21e+09   1.29
 3.791  0.57  2.39e+09   1.28
 3.791  0.57  3.38e+09   1.21
 3.816  0.55  1.29e+09   1.32
 3.798  0.56  1.93e+09   1.30
 3.798  0.56  2.64e+09   1.25
 3.798  0.56  3.11e+09   1.22
 3.780  0.57  3.67e+09   1.20
 3.791  0.57  2.21e+09   1.29
 3.791  0.57  2.39e+09   1.28
 3.791  0.57  3.38e+09   1.21
 3.789  0.56  2.32e+09   1.28
 3.789  0.56  2.35e+09   1.28
 3.789  0.56  3.46e+09   1.20
 3.825  0.54  9.56e+08   1.33
 3.795  0.55  2.02e+09   1.29
 3.795  0.55  2.65e+09   1.25
 3.795  0.55  3.22e+09   1.21
 3.793  0.56  2.12e+09   1.29
